// High Compressor Gas Stream Weight                                    
------------------------------            
3   1   10   5                                                        
0.0
0.70   0.7923  0.8345  0.856  0.8796  0.89   0.918  0.938  1.0   1.05
0.0    0.25   0.50    0.75   1.0       
  
7.83  	 7.75      7.31       6.60      6.00   
9.71     9.40      8.95       8.45   	7.76   
10.65    10.48     10.10      9.62      9.08   
11.4     11.28     10.96      10.5      9.90   
13.04    12.92     12.53      12.0   	11.35  
14.65    14.54     14.13      13.70     12.90  
17.9     17.78     17.53      16.9      16.20  
19.95    19.88     19.55      19.0   	18.1   
24.5     24.38     24.2       23.71     22.68  
27.82    27.74     27.488     27.0   	25.7   
