 // High Compressor Gas Stream Weight                                    
------------------------------            
3   1   10   5                                                        
0.0
0.70   0.7923  0.8345  0.856  0.8796  0.89   0.918  0.938  1.0   1.05
0.0    0.25   0.50    0.75   1.0       
   
2.25   2.50    2.778    3.00    3.125  
2.60   3.04    3.32     3.52    3.68    
3.0    3.40    3.71     3.96    4.16   
3.30   3.74    4.06     4.29    4.50   
3.8    4.3     4.686    4.94    5.17   
4.0    4.80    5.29     5.56   	5.89   
5.70   6.20    6.70     7.1    	7.43   
6.4    7.0     7.52     7.91   	8.33   
8.5    9.3     9.74    	10.38   10.96  
10.0   11.0    11.71    12.08  	12.72 
