// High Compressor Gas Stream Weight                                    
------------------------------            
3   1   10   5                                                        
0.0
0.70   0.7923  0.8345  0.856  0.8796  0.89   0.918  0.938  1.0   1.05
0.0    0.25   0.50    0.75   1.0       
 
0.5950    0.6350     0.6830   	 0.7095    0.7040    
0.6540    0.6880     0.7003    	 0.7008    0.6956    
0.6650    0.7005     0.7145      0.7158    0.7086  
0.6780 	  0.7132     0.728  	 0.7335    0.7305 	 
0.6981 	  0.7385     0.7535 	 0.757     0.7545 	 
0.7034 	  0.7579     0.777  	 0.7808    0.778  	 
0.762  	  0.7962     0.8269 	 0.8338    0.8295 	 
0.7725 	  0.8197     0.8439 	 0.851     0.8464 	 
0.7642 	  0.7982     0.858  	 0.8732    0.862  	 
0.7562 	  0.8138     0.846       0.8596    0.8672	 
		 