steps=4.000000
残差=-0.00000   -0.00013    0.00008   -0.00094   -0.00238   -0.00028    0.00117
最终取值= 0.40038    0.70215   100.08581   1725.05150    0.79984   291.78441    0.49931
MECHN1=   99.00
初始猜值= 0.40000    0.70000   100.08581   1725.05150    0.79984   291.78441    0.49931
steps=2.000000
残差=-0.00000   -0.00011    0.00007   -0.00043   -0.00113   -0.00005    0.00070
最终取值= 0.39123    0.70304   99.56788   1708.19021    0.79990   291.89915    0.52121
MECHN1=   98.00
初始猜值= 0.40000    0.70000   99.06788   1708.19021    0.79990   291.89915    0.52121
steps=8.000000
残差=-0.00000   -0.00005    0.00003   -0.00010   -0.00029    0.00002    0.00025
最终取值= 0.38189    0.70370   99.01589   1689.64985    0.79999   292.00540    0.54337
MECHN1=   97.00
初始猜值= 0.40000    0.70000   98.51589   1689.64985    0.79999   292.00540    0.54337
steps=30.000000
残差= 0.00011   -0.00176    0.00125   -0.02732   -0.06796   -0.01053    0.02572
最终取值= 0.40059    0.70492   99.01040   1690.94599    0.80014   292.25705    0.59836
MECHN1=   96.00
初始猜值= 0.40000    0.70000   98.71040   1690.94599    0.80014   292.25705    0.59836
steps=30.000000
残差= 0.00023   -0.00381    0.00270   -0.06178   -0.15074   -0.02792    0.05444
最终取值= 0.43389    0.70529   99.16104   1696.89336    0.80036   292.57292    0.67644
MECHN1=   95.00
初始猜值= 0.35000    0.70000   98.86104   1696.89336    0.80036   292.57292    0.67644
MECHN1=  100.00
初始猜值= 0.40000    0.70000   100.00000   1720.00000    0.80000   291.90000    0.50000
steps=4.000000
残差=-0.00000   -0.00013    0.00008   -0.00094   -0.00238   -0.00028    0.00117
最终取值= 0.40038    0.70215   100.08581   1725.05150    0.79984   291.78441    0.49931
MECHN1=   99.00
初始猜值= 0.40000    0.70000   100.08581   1725.05150    0.79984   291.78441    0.49931
steps=2.000000
残差=-0.00000   -0.00011    0.00007   -0.00043   -0.00113   -0.00005    0.00070
最终取值= 0.39123    0.70304   99.56788   1708.19021    0.79990   291.89915    0.52121
MECHN1=   98.00
初始猜值= 0.40000    0.70000   99.06788   1708.19021    0.79990   291.89915    0.52121
steps=8.000000
残差=-0.00000   -0.00005    0.00003   -0.00010   -0.00029    0.00002    0.00025
最终取值= 0.38189    0.70370   99.01589   1689.64985    0.79999   292.00540    0.54337
MECHN1=   97.00
初始猜值= 0.40000    0.70000   98.51589   1689.64985    0.79999   292.00540    0.54337
steps=30.000000
残差= 0.00011   -0.00176    0.00125   -0.02732   -0.06796   -0.01053    0.02572
最终取值= 0.40059    0.70492   99.01040   1690.94599    0.80014   292.25705    0.59836
MECHN1=   96.00
初始猜值= 0.40000    0.70000   98.71040   1690.94599    0.80014   292.25705    0.59836
steps=30.000000
残差= 0.00025   -0.00415    0.00294   -0.06799   -0.16534   -0.02533    0.05936
最终取值= 0.42770    0.70528   99.25223   1700.16801    0.80038   292.60339    0.68385
MECHN1=   95.00
初始猜值= 0.35000    0.70000   98.95223   1700.16801    0.80038   292.60339    0.68385
MECHN1=  100.00
初始猜值= 0.40000    0.70000   100.00000   1720.00000    0.80000   291.90000    0.50000
steps=3.000000
残差=-0.00000    0.00011   -0.00006    0.00151    0.00375    0.00064   -0.00150
最终取值= 0.39763    0.70198   100.03378   1723.02636    0.79983   291.77147    0.49538
MECHN1=   99.00
初始猜值= 0.39763    0.70198   100.03378   1723.02636    0.79983   291.77147    0.49538
steps=27.000000
残差=-0.00000    0.00010   -0.00007    0.00176    0.00443    0.00174   -0.00183
最终取值= 0.38630    0.70281   99.50857   1705.84388    0.79990   291.88486    0.51808
MECHN1=   98.00
初始猜值= 0.38630    0.70281   99.00857   1705.84388    0.79990   291.88486    0.51808
steps=4.000000
残差=-0.00000    0.00004   -0.00003    0.00063    0.00159    0.00025   -0.00063
最终取值= 0.38128    0.70367   99.00363   1689.17941    0.79999   292.00238    0.54222
MECHN1=   97.00
初始猜值= 0.38128    0.70367   98.50363   1689.17941    0.79999   292.00238    0.54222
steps=11.000000
残差=-0.00000    0.00005   -0.00004    0.00080    0.00202    0.00031   -0.00080
最终取值= 0.37096    0.70375   98.39875   1667.99615    0.80009   292.09062    0.56653
MECHN1=   96.00
初始猜值= 0.37096    0.70375   98.09875   1667.99615    0.80009   292.09062    0.56653
steps=2.000000
残差= 0.00000   -0.00002    0.00001   -0.00033   -0.00083   -0.00013    0.00032
最终取值= 0.36075    0.70432   97.78675   1646.91616    0.80018   292.17836    0.59855
MECHN1=   95.00
初始猜值= 0.35000    0.70000   97.48675   1646.91616    0.80018   292.17836    0.59855
steps=30.000000
残差=-0.00001    0.00082   -0.00054    0.01316    0.03360    0.00492   -0.01346
最终取值= 0.32871    0.70163   96.81109   1610.70390    0.80030   292.15484    0.61651
MECHN1=   94.00
初始猜值= 0.34000    0.70000   96.31109   1610.70390    0.80030   292.15484    0.61651
steps=6.000000
残差= 0.00000    0.00003   -0.00002    0.00047    0.00120    0.00017   -0.00047
最终取值= 0.33232    0.70091   96.54045   1601.15014    0.80046   292.32661    0.67193
MECHN1=   93.00
初始猜值= 0.32500    0.70000   96.04045   1601.15014    0.80046   292.32661    0.67193
steps=4.000000
残差=-0.00001    0.00006   -0.00003    0.00078    0.00197    0.00027   -0.00076
最终取值= 0.31629    0.69872   95.95184   1580.15313    0.80060   292.41366    0.70450
MECHN1=   92.00
初始猜值= 0.31500    0.70000   95.45184   1580.15313    0.80060   292.41366    0.70450
MECHN1=  100.00
初始猜值= 0.40000    0.70000   100.00000   1720.00000    0.80000   291.90000    0.50000
steps=3.000000
残差=-0.00000    0.00011   -0.00006    0.00151    0.00375    0.00064   -0.00150
最终取值= 0.39763    0.70198   100.03378   1723.02636    0.79983   291.77147    0.49538
MECHN1=   99.00
初始猜值= 0.39763    0.70198   100.03378   1723.02636    0.79983   291.77147    0.49538
steps=30.000000
残差= 0.00007   -0.00446    0.00294   -0.07824   -0.18769   -0.00424    0.06791
最终取值= 0.40407    0.70549   100.84626   1755.27349    0.80007   292.25816    0.61207
MECHN1=   98.00
初始猜值= 0.40407    0.70549   100.34626   1755.27349    0.80007   292.25816    0.61207
steps=30.000000
残差= 0.00011   -0.00219    0.00153   -0.03485   -0.08602   -0.01039    0.03238
最终取值= 0.40970    0.70510   99.70313   1715.45605    0.80005   292.19000    0.58161
MECHN1=   97.00
初始猜值= 0.40970    0.70510   99.20313   1715.45605    0.80005   292.19000    0.58161
steps=30.000000
残差=-0.00012   -0.00751    0.00474   -0.14288   -0.32706   -0.06071    0.11061
最终取值= 0.53199    0.71101   101.35664   1779.96080    0.80048   293.05850    0.72600
MECHN1=   96.00
初始猜值= 0.53199    0.71101   101.05664   1779.96080    0.80048   293.05850    0.72600
MECHN1=  100.00
初始猜值= 0.40000    0.70000   100.00000   1720.00000    0.80000   291.90000    0.50000
steps=3.000000
残差=-0.00000    0.00011   -0.00006    0.00151    0.00375    0.00064   -0.00150
最终取值= 0.39763    0.70198   100.03378   1723.02636    0.79983   291.77147    0.49538
MECHN1=   99.00
初始猜值= 0.39763    0.70198   100.03378   1723.02636    0.79983   291.77147    0.49538
steps=30.000000
残差= 0.00005   -0.00137    0.00091   -0.03024   -0.07594   -0.01753    0.03150
最终取值= 0.43668    0.70389   100.24279   1732.68574    0.79996   292.03286    0.55904
MECHN1=   98.00
初始猜值= 0.43668    0.70389   99.74279   1732.68574    0.79996   292.03286    0.55904
steps=6.000000
残差=-0.00000    0.00002   -0.00001    0.00029    0.00073    0.00012   -0.00029
最终取值= 0.38155    0.70369   99.00923   1689.39769    0.79999   292.00355    0.54251
MECHN1=   97.00
初始猜值= 0.38155    0.70369   98.50923   1689.39769    0.79999   292.00355    0.54251
steps=13.000000
残差=-0.00000    0.00005   -0.00004    0.00081    0.00205    0.00031   -0.00081
最终取值= 0.37097    0.70375   98.39862   1667.99213    0.80009   292.09059    0.56652
MECHN1=   96.00
初始猜值= 0.37097    0.70375   98.09862   1667.99213    0.80009   292.09059    0.56652
steps=2.000000
残差= 0.00000   -0.00002    0.00001   -0.00032   -0.00082   -0.00013    0.00031
最终取值= 0.36075    0.70432   97.78659   1646.91032    0.80018   292.17832    0.59855
MECHN1=   95.00
初始猜值= 0.36075    0.70432   97.48659   1646.91032    0.80018   292.17832    0.59855
steps=2.000000
残差= 0.00001   -0.00025    0.00017   -0.00403   -0.01018   -0.00155    0.00398
最终取值= 0.35263    0.70313   97.25115   1627.20283    0.80033   292.27682    0.63912
MECHN1=   94.00
初始猜值= 0.35263    0.70313   96.75115   1627.20283    0.80033   292.27682    0.63912
steps=30.000000
残差= 0.00014   -0.00248    0.00173   -0.04411   -0.10923   -0.01673    0.04030
最终取值= 0.38532    0.70565   97.64362   1643.80199    0.80052   292.66881    0.71455
MECHN1=   93.00
初始猜值= 0.38532    0.70565   97.14362   1643.80199    0.80052   292.66881    0.71455
steps=16.000000
残差= 0.00000    0.00003   -0.00002    0.00046    0.00118    0.00016   -0.00046
最终取值= 0.31689    0.69880   95.96095   1580.51235    0.80060   292.41700    0.70483
MECHN1=   92.00
初始猜值= 0.31689    0.69880   95.46095   1580.51235    0.80060   292.41700    0.70483
steps=13.000000
残差= 0.00000    0.00003   -0.00002    0.00052    0.00134    0.00018   -0.00052
最终取值= 0.29934    0.69621   95.37420   1560.13102    0.80072   292.50950    0.73061
MECHN1=   91.00
初始猜值= 0.29934    0.69621   95.07420   1560.13102    0.80072   292.50950    0.73061
steps=4.000000
残差= 0.00000    0.00000   -0.00000    0.00004    0.00010    0.00001   -0.00004
最终取值= 0.28009    0.69368   94.81438   1541.64795    0.80083   292.61803    0.75153
MECHN1=   90.00
初始猜值= 0.28009    0.69368   94.31438   1541.64795    0.80083   292.61803    0.75153
steps=30.000000
残差=-0.00011   -0.00135    0.00076   -0.02227   -0.05640   -0.00647    0.02117
最终取值= 0.29733    0.69729   94.62888   1539.31381    0.80089   292.86768    0.78674
MECHN1=   89.00
初始猜值= 0.29733    0.69729   94.12888   1539.31381    0.80089   292.86768    0.78674
steps=10.000000
残差= 0.00001    0.00004   -0.00002    0.00068    0.00181    0.00021   -0.00068
最终取值= 0.23955    0.68920   93.74812   1509.42130    0.80094   292.84108    0.77862
MECHN1=   88.00
初始猜值= 0.23955    0.68920   93.44812   1509.42130    0.80094   292.84108    0.77862
steps=30.000000
残差=-0.00032   -0.00311    0.00168   -0.05472   -0.14096   -0.01337    0.04907
最终取值= 0.30115    0.70448   94.03433   1528.27917    0.80090   293.24807    0.83600
MECHN1=   87.00
初始猜值= 0.30115    0.70448   93.53433   1528.27917    0.80090   293.24807    0.83600
steps=30.000000
残差=-0.00018   -0.00551    0.00337   -0.10775   -0.26773   -0.02775    0.08811
最终取值= 0.33548    0.71860   94.39960   1550.08242    0.80095   293.78122    0.87612
MECHN1=   86.00
初始猜值= 0.33548    0.71860   93.89960   1550.08242    0.80095   293.78122    0.87612
MECHN1=  100.00
初始猜值= 0.40000    0.70000   100.00000   1720.00000    0.80000   291.90000    0.50000
steps=3.000000
残差=-0.00001    0.00021   -0.00013    0.00311    0.00775    0.00134   -0.00310
最终取值= 0.39562    0.70183   99.99638   1721.55917    0.79983   291.76254    0.49324
MECHN1=   99.00
初始猜值= 0.39562    0.70183   99.99638   1721.55917    0.79983   291.76254    0.49324
steps=30.000000
残差=-0.00011    0.00208   -0.00145    0.02985    0.07614    0.01193   -0.03155
最终取值= 0.35639    0.70083   98.89552   1682.11802    0.79989   291.74018    0.48376
MECHN1=   98.00
初始猜值= 0.35639    0.70083   98.39552   1682.11802    0.79989   291.74018    0.48376
MECHN1=  100.00
初始猜值= 0.40000    0.70000   100.00000   1720.00000    0.80000   291.90000    0.50000
MECHN1=  100.00
初始猜值= 0.40000    0.70000   100.00000   1720.00000    0.80000   291.90000    0.50000
steps=3.000000
残差=-0.00001    0.00021   -0.00013    0.00311    0.00775    0.00134   -0.00310
最终取值= 0.39562    0.70183   99.99638   1721.55917    0.79983   291.76254    0.49324
MECHN1=   99.00
初始猜值= 0.39562    0.70183   99.99638   1721.55917    0.79983   291.76254    0.49324
steps=40.000000
残差=-0.00011    0.00216   -0.00150    0.03079    0.07866    0.01122   -0.03283
最终取值= 0.35866    0.70098   98.89899   1682.41390    0.79989   291.74416    0.48172
MECHN1=   98.00
初始猜值= 0.35866    0.70098   98.39899   1682.41390    0.79989   291.74416    0.48172
steps=22.000000
残差=-0.00000    0.00005   -0.00004    0.00081    0.00203    0.00032   -0.00080
最终取值= 0.38107    0.70366   98.99950   1689.02286    0.79999   292.00122    0.54203
MECHN1=   97.00
初始猜值= 0.38107    0.70366   98.49950   1689.02286    0.79999   292.00122    0.54203
steps=7.000000
残差= 0.00000   -0.00005    0.00003   -0.00078   -0.00197   -0.00032    0.00078
最终取值= 0.37278    0.70383   98.43448   1669.34645    0.80009   292.10000    0.56821
MECHN1=   96.00
初始猜值= 0.37278    0.70383   98.13448   1669.34645    0.80009   292.10000    0.56821
steps=2.000000
残差= 0.00001   -0.00010    0.00007   -0.00166   -0.00418   -0.00065    0.00164
最终取值= 0.36238    0.70438   97.81909   1648.11687    0.80018   292.18708    0.60012
MECHN1=   95.00
初始猜值= 0.36238    0.70438   97.51909   1648.11687    0.80018   292.18708    0.60012
steps=40.000000
残差= 0.00003   -0.00075    0.00052   -0.01274   -0.03205   -0.00447    0.01235
最终取值= 0.36187    0.70366   97.46202   1635.06222    0.80034   292.33645    0.65064
MECHN1=   94.00
初始猜值= 0.36187    0.70366   96.96202   1635.06222    0.80034   292.33645    0.65064
steps=40.000000
残差= 0.00001   -0.00062    0.00041   -0.01026   -0.02593   -0.00348    0.00999
最终取值= 0.34564    0.70226   96.80924   1611.46784    0.80047   292.40673    0.68407
MECHN1=   93.00
初始猜值= 0.34564    0.70226   96.30924   1611.46784    0.80047   292.40673    0.68407
steps=40.000000
残差= 0.00024   -0.00381    0.00269   -0.07056   -0.17234   -0.02387    0.06149
最终取值= 0.39229    0.70803   97.59656   1644.98426    0.80065   292.96205    0.75636
MECHN1=   92.00
初始猜值= 0.39229    0.70803   97.09656   1644.98426    0.80065   292.96205    0.75636
steps=6.000000
残差= 0.00000    0.00007   -0.00004    0.00114    0.00290    0.00039   -0.00113
最终取值= 0.29817    0.69607   95.36133   1559.62364    0.80072   292.50534    0.73006
MECHN1=   91.00
初始猜值= 0.29817    0.69607   95.06133   1559.62364    0.80072   292.50534    0.73006
MECHN1=  100.00
初始猜值= 0.40000    0.70000   100.00000   1720.00000    0.80000   291.90000    0.50000
steps=3.000000
残差=-0.00000    0.00011   -0.00006    0.00151    0.00375    0.00064   -0.00150
最终取值= 0.39763    0.70198   100.03378   1723.02636    0.79983   291.77147    0.49538
MECHN1=   99.00
初始猜值= 0.39763    0.70198   100.03378   1723.02636    0.79983   291.77147    0.49538
steps=40.000000
残差= 0.00009   -0.00316    0.00213   -0.05224   -0.12703   -0.02086    0.04704
最终取值= 0.44519    0.70621   100.60642   1747.96118    0.79998   292.18219    0.57751
MECHN1=   98.00
初始猜值= 0.44519    0.70621   100.10642   1747.96118    0.79998   292.18219    0.57751
MECHN1=  100.00
初始猜值= 0.40000    0.70000   100.00000   1720.00000    0.80000   291.90000    0.50000
steps=2.000000
残差= 0.00000   -0.00005    0.00004   -0.00088   -0.00220   -0.00037    0.00087
最终取值= 0.40051    0.70218   100.08823   1725.15390    0.79983   291.78485    0.49847
MECHN1=   99.00
初始猜值= 0.40051    0.70218   100.08823   1725.15390    0.79983   291.78485    0.49847
steps=1.000000
残差=-0.00008   -0.00007    0.00006   -0.00100   -0.00224   -0.00038    0.00097
最终取值= 0.39174    0.70298   99.57412   1708.49681    0.79989   291.90607    0.52088
MECHN1=   98.00
初始猜值= 0.39174    0.70298   99.07412   1708.49681    0.79989   291.90607    0.52088
steps=1.000000
残差= 0.00004    0.00005   -0.00003    0.00015    0.00060   -0.00004   -0.00028
最终取值= 0.38223    0.70370   99.02050   1689.75534    0.80000   292.00909    0.54258
MECHN1=   97.00
初始猜值= 0.38223    0.70370   98.52050   1689.75534    0.80000   292.00909    0.54258
steps=30.000000
残差= 0.00006   -0.00096    0.00068   -0.01456   -0.03650   -0.00531    0.01406
最终取值= 0.38678    0.70444   98.73464   1680.63342    0.80011   292.18049    0.58351
MECHN1=   96.00
初始猜值= 0.38678    0.70444   98.43464   1680.63342    0.80011   292.18049    0.58351
steps=30.000000
残差= 0.00008    0.00010    0.00015   -0.00320   -0.00756   -0.00162    0.00243
最终取值= 0.36519    0.70486   97.86354   1649.91218    0.80016   292.20860    0.59984
MECHN1=   95.00
初始猜值= 0.36519    0.70486   97.56354   1649.91218    0.80016   292.20860    0.59984
steps=30.000000
残差= 0.00012   -0.00213    0.00150   -0.03782   -0.09375   -0.01350    0.03496
最终取值= 0.38783    0.70493   98.06371   1657.60208    0.80040   292.51467    0.68134
MECHN1=   94.00
初始猜值= 0.38783    0.70493   97.56371   1657.60208    0.80040   292.51467    0.68134
MECHN1=  100.00
初始猜值= 0.40000    0.70000   100.00000   1720.00000    0.80000   291.90000    0.50000
MECHN1=  100.00
初始猜值= 0.40000    0.70000   100.00000   1720.00000    0.80000   291.90000    0.50000
steps=2.000000
残差= 0.00000   -0.00005    0.00004   -0.00088   -0.00220   -0.00037    0.00087
最终取值= 0.40051    0.70218   100.08823   1725.15390    0.79983   291.78485    0.49847
MECHN1=   99.00
初始猜值= 0.40000    0.70000   100.08823   1725.15390    0.79983   291.78485    0.49847
steps=2.000000
残差=-0.00000    0.00004   -0.00003    0.00066    0.00164    0.00027   -0.00065
最终取值= 0.39032    0.70299   99.55018   1707.50676    0.79990   291.89467    0.51925
MECHN1=   98.00
初始猜值= 0.40000    0.70000   99.05018   1707.50676    0.79990   291.89467    0.51925
steps=30.000000
残差=-0.00001    0.00003   -0.00006   -0.01143   -0.02791   -0.00512    0.01131
最终取值= 0.38420    0.70383   99.06166   1691.40559    0.79999   292.01699    0.54507
MECHN1=   97.00
初始猜值= 0.40000    0.70000   98.56166   1691.40559    0.79999   292.01699    0.54507
MECHN1=  100.00
初始猜值= 0.40000    0.70000   100.00000   1720.00000    0.80000   291.90000    0.50000
steps=2.000000
残差= 0.00000   -0.00005    0.00004   -0.00088   -0.00220   -0.00037    0.00087
最终取值= 0.40051    0.70218   100.08823   1725.15390    0.79983   291.78485    0.49847
MECHN1=   99.00
初始猜值= 0.40000    0.70000   100.08823   1725.15390    0.79983   291.78485    0.49847
steps=2.000000
残差=-0.00000    0.00004   -0.00003    0.00066    0.00164    0.00027   -0.00065
最终取值= 0.39032    0.70299   99.55018   1707.50676    0.79990   291.89467    0.51925
MECHN1=   98.00
初始猜值= 0.40000    0.70000   99.05018   1707.50676    0.79990   291.89467    0.51925
MECHN1=  100.00
初始猜值= 0.40000    0.70000   100.00000   1720.00000    0.80000   291.90000    0.50000
MECHN1=  100.00
初始猜值= 0.40000    0.70000   100.00000   1720.00000    0.80000   291.90000    0.50000
steps=2.000000
残差= 0.00000   -0.00005    0.00004   -0.00088   -0.00220   -0.00037    0.00087
最终取值= 0.40051    0.70218   100.08823   1725.15390    0.79983   291.78485    0.49847
MECHN1=   99.00
初始猜值= 0.40000    0.70000   100.08823   1725.15390    0.79983   291.78485    0.49847
steps=2.000000
残差=-0.00000    0.00004   -0.00003    0.00066    0.00164    0.00027   -0.00065
最终取值= 0.39032    0.70299   99.55018   1707.50676    0.79990   291.89467    0.51925
MECHN1=   98.00
初始猜值= 0.40000    0.70000   99.05018   1707.50676    0.79990   291.89467    0.51925
steps=30.000000
残差=-0.00001    0.00003   -0.00006   -0.01143   -0.02791   -0.00512    0.01131
最终取值= 0.38420    0.70383   99.06166   1691.40559    0.79999   292.01699    0.54507
MECHN1=   97.00
初始猜值= 0.40000    0.70000   98.56166   1691.40559    0.79999   292.01699    0.54507
MECHN1=  100.00
初始猜值= 0.40000    0.70000   100.00000   1720.00000    0.80000   291.90000    0.50000
steps=2.000000
残差= 0.00000   -0.00005    0.00004   -0.00088   -0.00220   -0.00037    0.00087
最终取值= 0.40051    0.70218   100.08823   1725.15390    0.79983   291.78485    0.49847
MECHN1=   99.00
初始猜值= 0.40051    0.70218   100.08823   1725.15390    0.79983   291.78485    0.49847
steps=1.000000
残差=-0.00008   -0.00007    0.00006   -0.00100   -0.00224   -0.00038    0.00097
最终取值= 0.39174    0.70298   99.57412   1708.49681    0.79989   291.90607    0.52088
MECHN1=   98.00
初始猜值= 0.39174    0.70298   99.07412   1708.49681    0.79989   291.90607    0.52088
steps=1.000000
残差= 0.00004    0.00005   -0.00003    0.00015    0.00060   -0.00004   -0.00028
最终取值= 0.38223    0.70370   99.02050   1689.75534    0.80000   292.00909    0.54258
MECHN1=   97.00
初始猜值= 0.38223    0.70370   98.52050   1689.75534    0.80000   292.00909    0.54258
steps=30.000000
残差=-0.00594   -0.01190   -0.00034    0.00267   -0.00949   -0.00220   -0.01618
最终取值= 0.38223    0.70370   98.52050   1689.75534    0.80000   292.00909    0.54258
MECHN1=   96.00
初始猜值= 0.38223    0.70370   98.22050   1689.75534    0.80000   292.00909    0.54258
steps=2.000000
残差=-0.00001   -0.00001   -0.00000   -0.00062   -0.00159   -0.00039    0.00047
最终取值= 0.36135    0.70436   97.79454   1647.25845    0.80018   292.17986    0.59821
MECHN1=   95.00
初始猜值= 0.36135    0.70436   97.49454   1647.25845    0.80018   292.17986    0.59821
steps=1.000000
残差= 0.00007    0.00022   -0.00000   -0.00150   -0.00344   -0.00128    0.00082
最终取值= 0.35143    0.70329   97.20103   1625.42500    0.80031   292.26723    0.63277
MECHN1=   94.00
初始猜值= 0.35143    0.70329   96.70103   1625.42500    0.80031   292.26723    0.63277
steps=2.000000
残差=-0.00000   -0.00008    0.00006   -0.00146   -0.00372   -0.00055    0.00146
最终取值= 0.33502    0.70116   96.58893   1603.01588    0.80046   292.34055    0.67411
MECHN1=   93.00
初始猜值= 0.33502    0.70116   96.08893   1603.01588    0.80046   292.34055    0.67411
steps=30.000000
残差= 0.00000    0.00045   -0.00028    0.00754    0.01922    0.00279   -0.00756
最终取值= 0.32288    0.69956   96.05612   1584.25228    0.80060   292.44657    0.70836
MECHN1=   92.00
初始猜值= 0.32288    0.69956   95.55612   1584.25228    0.80060   292.44657    0.70836
steps=30.000000
残差= 0.00000    0.00004   -0.00002    0.00096    0.00249    0.00040   -0.00106
最终取值= 0.31460    0.69840   95.57883   1568.29546    0.80072   292.57658    0.73810
MECHN1=   91.00
初始猜值= 0.31460    0.69840   95.27883   1568.29546    0.80072   292.57658    0.73810
steps=30.000000
残差=-0.00005   -0.00108    0.00065   -0.01793   -0.04528   -0.00604    0.01696
最终取值= 0.31510    0.69925   95.22738   1558.39324    0.80081   292.76142    0.76800
MECHN1=   90.00
初始猜值= 0.31510    0.69925   94.72738   1558.39324    0.80081   292.76142    0.76800
steps=4.000000
残差=-0.00002   -0.00003    0.00002   -0.00077   -0.00205   -0.00037    0.00089
最终取值= 0.26197    0.69153   94.28417   1525.27558    0.80090   292.74093    0.76790
MECHN1=   89.00
初始猜值= 0.26197    0.69153   93.78417   1525.27558    0.80090   292.74093    0.76790
MECHN1=  100.00
初始猜值= 0.40000    0.70000   100.00000   1720.00000    0.80000   291.90000    0.50000
steps=2.000000
残差= 0.00000   -0.00005    0.00004   -0.00088   -0.00220   -0.00037    0.00087
最终取值= 0.40051    0.70218   100.08823   1725.15390    0.79983   291.78485    0.49847
MECHN1=   99.00
初始猜值= 0.40051    0.70218   100.08823   1725.15390    0.79983   291.78485    0.49847
steps=1.000000
残差=-0.00008   -0.00007    0.00006   -0.00100   -0.00224   -0.00038    0.00097
最终取值= 0.39174    0.70298   99.57412   1708.49681    0.79989   291.90607    0.52088
MECHN1=   98.00
初始猜值= 0.39174    0.70298   99.07412   1708.49681    0.79989   291.90607    0.52088
steps=1.000000
残差= 0.00004    0.00005   -0.00003    0.00015    0.00060   -0.00004   -0.00028
最终取值= 0.38223    0.70370   99.02050   1689.75534    0.80000   292.00909    0.54258
MECHN1=   97.00
初始猜值= 0.38223    0.70370   98.52050   1689.75534    0.80000   292.00909    0.54258
steps=30.000000
残差=-0.00594   -0.01190   -0.00034    0.00267   -0.00949   -0.00220   -0.01618
最终取值= 0.38223    0.70370   98.52050   1689.75534    0.80000   292.00909    0.54258
MECHN1=   96.00
初始猜值= 0.38223    0.70370   98.22050   1689.75534    0.80000   292.00909    0.54258
steps=2.000000
残差=-0.00001   -0.00001   -0.00000   -0.00062   -0.00159   -0.00039    0.00047
最终取值= 0.36135    0.70436   97.79454   1647.25845    0.80018   292.17986    0.59821
MECHN1=   95.00
初始猜值= 0.36135    0.70436   97.49454   1647.25845    0.80018   292.17986    0.59821
steps=1.000000
残差= 0.00007    0.00022   -0.00000   -0.00150   -0.00344   -0.00128    0.00082
最终取值= 0.35143    0.70329   97.20103   1625.42500    0.80031   292.26723    0.63277
MECHN1=   94.00
初始猜值= 0.35143    0.70329   96.70103   1625.42500    0.80031   292.26723    0.63277
steps=2.000000
残差=-0.00000   -0.00008    0.00006   -0.00146   -0.00372   -0.00055    0.00146
最终取值= 0.33502    0.70116   96.58893   1603.01588    0.80046   292.34055    0.67411
MECHN1=   93.00
初始猜值= 0.33502    0.70116   96.08893   1603.01588    0.80046   292.34055    0.67411
steps=30.000000
残差= 0.00000    0.00045   -0.00028    0.00754    0.01922    0.00279   -0.00756
最终取值= 0.32288    0.69956   96.05612   1584.25228    0.80060   292.44657    0.70836
MECHN1=   92.00
初始猜值= 0.32288    0.69956   95.55612   1584.25228    0.80060   292.44657    0.70836
steps=30.000000
残差= 0.00000    0.00004   -0.00002    0.00097    0.00250    0.00040   -0.00107
最终取值= 0.31460    0.69840   95.57883   1568.29546    0.80072   292.57658    0.73810
MECHN1=   91.00
初始猜值= 0.31460    0.69840   95.27883   1568.29546    0.80072   292.57658    0.73810
steps=30.000000
残差=-0.00005   -0.00108    0.00065   -0.01793   -0.04528   -0.00604    0.01696
最终取值= 0.31510    0.69925   95.22738   1558.39324    0.80081   292.76142    0.76800
MECHN1=   90.00
初始猜值= 0.31510    0.69925   94.72738   1558.39324    0.80081   292.76142    0.76800
steps=4.000000
残差=-0.00002   -0.00003    0.00002   -0.00077   -0.00205   -0.00037    0.00089
最终取值= 0.26197    0.69153   94.28417   1525.27558    0.80090   292.74093    0.76790
MECHN1=   89.00
初始猜值= 0.26197    0.69153   93.78417   1525.27558    0.80090   292.74093    0.76790
steps=30.000000
残差=-0.00004   -0.00029    0.00015   -0.00472   -0.01242   -0.00143    0.00459
最终取值= 0.25702    0.69170   93.86746   1514.33068    0.80093   292.88274    0.78673
MECHN1=   88.00
初始猜值= 0.25702    0.69170   93.56746   1514.33068    0.80093   292.88274    0.78673
steps=30.000000
残差=-0.00012   -0.00061    0.00027   -0.00970   -0.02605   -0.00281    0.00951
最终取值= 0.22903    0.68765   93.28962   1496.87857    0.80094   292.94175    0.79362
MECHN1=   87.00
初始猜值= 0.22903    0.68765   92.78962   1496.87857    0.80094   292.94175    0.79362
steps=30.000000
残差=-0.00015   -0.00065    0.00027   -0.01066   -0.02894   -0.00299    0.01030
最终取值= 0.22512    0.68674   92.89226   1486.77469    0.80093   293.03882    0.81287
MECHN1=   86.00
初始猜值= 0.22512    0.68674   92.39226   1486.77469    0.80093   293.03882    0.81287
steps=30.000000
残差=-0.00406   -0.01405    0.00288   -0.01596   -0.05908   -0.00561    0.00048
最终取值= 0.22512    0.68674   92.39226   1486.77469    0.80093   293.03882    0.81287
MECHN1=  100.00
初始猜值= 0.40000    0.70000   100.00000   1720.00000    0.80000   291.90000    0.50000
steps=2.000000
残差= 0.00000   -0.00005    0.00004   -0.00088   -0.00220   -0.00037    0.00087
最终取值= 0.40051    0.70218   100.08823   1725.15390    0.79983   291.78485    0.49847
MECHN1=   99.00
初始猜值= 0.40000    0.70000   100.08823   1725.15390    0.79983   291.78485    0.49847
steps=2.000000
残差=-0.00000    0.00004   -0.00003    0.00066    0.00164    0.00027   -0.00065
最终取值= 0.39032    0.70299   99.55018   1707.50676    0.79990   291.89467    0.51925
MECHN1=   98.00
初始猜值= 0.40000    0.70000   99.05018   1707.50676    0.79990   291.89467    0.51925
steps=30.000000
残差=-0.00001    0.00003   -0.00006   -0.01143   -0.02791   -0.00512    0.01131
最终取值= 0.38420    0.70383   99.06166   1691.40559    0.79999   292.01699    0.54507
MECHN1=   97.00
初始猜值= 0.40000    0.70000   98.56166   1691.40559    0.79999   292.01699    0.54507
steps=30.000000
残差= 0.00001   -0.00023    0.00016   -0.00336   -0.00846   -0.00164    0.00331
最终取值= 0.37665    0.70402   98.50019   1671.87530    0.80009   292.11775    0.57098
MECHN1=   96.00
初始猜值= 0.40000    0.70000   98.20019   1671.87530    0.80009   292.11775    0.57098
steps=30.000000
残差=-0.00068    0.00150   -0.00371   -0.00829   -0.01550   -0.01128    0.01055
最终取值= 0.39200    0.69532   98.19902   1655.71068    0.80087   292.24427    0.60288
MECHN1=   95.00
初始猜值= 0.35000    0.70000   97.89902   1655.71068    0.80087   292.24427    0.60288
steps=3.000000
残差= 0.00000    0.00002   -0.00002    0.00041    0.00109    0.00015   -0.00042
最终取值= 0.34682    0.70277   97.13627   1622.89291    0.80032   292.24488    0.63323
MECHN1=   94.00
初始猜值= 0.34000    0.70000   96.63627   1622.89291    0.80032   292.24488    0.63323
steps=30.000000
残差= 0.00007   -0.00010    0.00012   -0.00401   -0.00991   -0.00190    0.00434
最终取值= 0.32925    0.70036   96.46658   1598.02321    0.80047   292.30505    0.66846
MECHN1=   93.00
初始猜值= 0.32500    0.70000   95.96658   1598.02321    0.80047   292.30505    0.66846
steps=2.000000
残差= 0.00001    0.00007   -0.00004    0.00119    0.00306    0.00042   -0.00119
最终取值= 0.31579    0.69868   95.94411   1579.85166    0.80060   292.41219    0.70418
MECHN1=   92.00
初始猜值= 0.31500    0.70000   95.44411   1579.85166    0.80060   292.41219    0.70418
steps=30.000000
残差=-0.00002   -0.00037    0.00022   -0.00599   -0.01526   -0.00207    0.00589
最终取值= 0.30626    0.69712   95.45937   1563.51060    0.80072   292.53690    0.73395
MECHN1=   91.00
初始猜值= 0.30000    0.70000   95.15937   1563.51060    0.80072   292.53690    0.73395
steps=11.000000
残差= 0.00001    0.00007   -0.00004    0.00106    0.00272    0.00035   -0.00106
最终取值= 0.27794    0.69347   94.79795   1541.00394    0.80083   292.61276    0.75058
MECHN1=   90.00
初始猜值= 0.28000    0.70000   94.29795   1541.00394    0.80083   292.61276    0.75058
steps=30.000000
残差=-0.00291   -0.01177    0.00255   -0.00133   -0.02466   -0.00252   -0.01181
最终取值= 0.28000    0.70000   94.29795   1541.00394    0.80083   292.61276    0.75058
MECHN1=   89.00
初始猜值= 0.26000    0.70000   93.79795   1541.00394    0.80083   292.61276    0.75058
MECHN1=   89.00
初始猜值= 0.26197    0.69153   93.20000   1515.00000    0.80000   292.74000    0.76790
steps=30.000000
残差= 0.00102    0.00069    0.00025    0.00464    0.00876   -0.00162   -0.00013
最终取值= 0.25670    0.69033   93.73795   1507.94131    0.80100   292.77776    0.78414
MECHN1=   89.00
初始猜值= 0.26197    0.69153   93.70000   1515.00000    0.80000   292.74000    0.76790
steps=30.000000
残差= 0.00010    0.00061   -0.00033   -0.00071   -0.00521   -0.00235    0.00456
最终取值= 0.25741    0.68912   93.79165   1510.06081    0.80092   292.78675    0.78569
MECHN1=   89.00
初始猜值= 0.26197    0.69153   93.70000   1515.00000    0.80000   292.74000    0.76790
steps=30.000000  time=2.000000残差= 0.00010    0.00061   -0.00033   -0.00071   -0.00521   -0.00235    0.00456
最终取值= 0.25741    0.68912   93.79165   1510.06081    0.80092   292.78675    0.78569
MECHN1=   89.00
初始猜值= 0.26000    0.69000   93.75000   1512.00000    0.80000   292.74000    0.77000
steps=30.000000  time=2.000000
残差= 0.00006    0.00059   -0.00034   -0.00047   -0.00443   -0.00216    0.00414
最终取值= 0.25561    0.68894   93.78435   1509.82660    0.80092   292.78718    0.78492
MECHN1=   89.00
初始猜值= 0.25780    0.68947   93.77000   1511.00000    0.80000   292.74000    0.77746
steps=4.000000  time=4.000000
残差= 0.00001    0.00005   -0.00003    0.00081    0.00216    0.00025   -0.00081
最终取值= 0.23924    0.68914   93.74591   1509.32950    0.80094   292.84018    0.77849
MECHN1=   89.00
初始猜值= 0.25780    0.68947   93.77000   1511.00000    0.80000   292.74000    0.77746
steps=4.000000  time=4.000000
残差= 0.00001    0.00005   -0.00003    0.00081    0.00216    0.00025   -0.00081
最终取值= 0.23924    0.68914   93.74591   1509.32950    0.80094   292.84018    0.77849
MECHN1=   89.00
初始猜值= 0.23924    0.68914   93.74591   1509.32950    0.80094   292.84018    0.77849
steps=0.000000  time=4.000000
残差= 0.00001    0.00005   -0.00002    0.00079    0.00209    0.00024   -0.00078
最终取值= 0.23924    0.68914   93.74591   1509.32950    0.80094   292.84018    0.77849
MECHN1=   89.00
初始猜值= 0.23924    0.68914   93.74591   1509.32950    0.80094   292.84018    0.77849
steps=0.000000  time=4.000000
残差= 0.00001    0.00005   -0.00002    0.00079    0.00209    0.00024   -0.00078
最终取值= 0.23924    0.68914   93.74591   1509.32950    0.80094   292.84018    0.77849
MECHN1=   89.00
初始猜值= 0.23924    0.68914   93.74591   1509.32950    0.80094   292.84018    0.77849
steps=0.000000  time=4.000000
残差= 0.00001    0.00005   -0.00002    0.00079    0.00209    0.00024   -0.00078
最终取值= 0.23924    0.68914   93.74591   1509.32950    0.80094   292.84018    0.77849
MECHN1=   89.00
初始猜值= 0.23924    0.68914   93.74591   1509.32950    0.80094   292.84018    0.77849
steps=0.000000  time=4.000000
残差= 0.00001    0.00005   -0.00002    0.00079    0.00209    0.00024   -0.00078
最终取值= 0.23924    0.68914   93.74591   1509.32950    0.80094   292.84018    0.77849
MECHN1=   89.00
初始猜值= 0.25780    0.68947   93.77000   1511.00000    0.80000   292.74000    0.77746
MECHN1=   89.00
初始猜值= 0.25780    0.68947   93.77000   1511.00000    0.80000   292.74000    0.77746
steps=4.000000  time=4.000000
残差= 0.00001    0.00005   -0.00003    0.00081    0.00216    0.00025   -0.00081
最终取值= 0.23924    0.68914   93.74591   1509.32950    0.80094   292.84018    0.77849
MECHN1=   88.00
初始猜值= 0.23924    0.68914   93.74591   1509.32950    0.80094   292.84018    0.77849
steps=30.000000  time=4.000000
残差=-0.00008   -0.00035    0.00016   -0.00596   -0.01597   -0.00173    0.00575
最终取值= 0.23429    0.68876   93.33252   1498.70373    0.80094   292.95805    0.79590
MECHN1=   87.00
初始猜值= 0.23429    0.68876   93.33252   1498.70373    0.80094   292.95805    0.79590
steps=5.000000  time=4.000000
残差=-0.00002   -0.00006    0.00002   -0.00107   -0.00291   -0.00028    0.00098
最终取值= 0.20660    0.68072   92.69960   1478.36659    0.80095   292.96177    0.80459
MECHN1=   86.00
初始猜值= 0.20660    0.68072   92.69960   1478.36659    0.80095   292.96177    0.80459
steps=30.000000  time=22.000000
残差= 0.00013    0.00025   -0.00003    0.00322    0.00915    0.00092   -0.00364
最终取值= 0.18448    0.66782   92.03167   1455.67323    0.80098   292.91040    0.81880
MECHN1=   85.00
初始猜值= 0.18448    0.66782   92.03167   1455.67323    0.80098   292.91040    0.81880
steps=30.000000  time=15.000000
残差= 0.00002    0.00001    0.00002    0.00080    0.00240   -0.00302   -0.00109
最终取值= 0.18413    0.66188   91.63013   1444.30745    0.80097   292.95642    0.83877
MECHN1=   84.00
初始猜值= 0.18000    0.66000   91.13000   1434.00000    0.80000   292.74000    0.83877
MECHN1=   84.00
初始猜值= 0.18000    0.66000   91.13000   1434.00000    0.80000   292.74000    0.83877
steps=30.000000  time=24.000000
残差= 0.00062   -0.00098    0.00129   -0.01483   -0.03905   -0.00202    0.00946
最终取值= 0.16016    0.65799   91.21098   1431.94649    0.80095   292.96993    0.87266
MECHN1=   84.00
初始猜值= 0.16500    0.65900   91.20000   1433.00000    0.80000   292.80000    0.85500
MECHN1=   84.00
初始猜值= 0.16500    0.65900   91.20000   1433.00000    0.80000   292.80000    0.85500
steps=17.000000  time=10.000000
残差=-0.00002   -0.00005    0.00001   -0.00083   -0.00236   -0.00104    0.00081
最终取值= 0.15759    0.64389   91.00925   1421.65160    0.80099   292.81598    0.86948
MECHN1=  100.00
初始猜值= 0.40000    0.70000   100.00000   1720.00000    0.80000   291.90000    0.50000
steps=2.000000  time=2.000000
残差= 0.00000   -0.00005    0.00004   -0.00088   -0.00220   -0.00037    0.00087
最终取值= 0.40051    0.70218   100.08823   1725.15390    0.79983   291.78485    0.49847
MECHN1=   99.00
初始猜值= 0.40051    0.70218   100.08823   1725.15390    0.79983   291.78485    0.49847
steps=1.000000  time=1.000000
残差=-0.00008   -0.00007    0.00006   -0.00100   -0.00224   -0.00038    0.00097
最终取值= 0.39174    0.70298   99.57412   1708.49681    0.79989   291.90607    0.52088
MECHN1=   98.00
初始猜值= 0.39174    0.70298   99.07412   1708.49681    0.79989   291.90607    0.52088
steps=1.000000  time=1.000000
残差= 0.00004    0.00005   -0.00003    0.00015    0.00060   -0.00004   -0.00028
最终取值= 0.38223    0.70370   99.02050   1689.75534    0.80000   292.00909    0.54258
MECHN1=   97.00
初始猜值= 0.38223    0.70370   98.52050   1689.75534    0.80000   292.00909    0.54258
MECHN1=  100.00
初始猜值= 0.40000    0.70000   100.00000   1720.00000    0.80000   291.90000    0.50000
steps=2.000000  time=2.000000
残差= 0.00000   -0.00005    0.00004   -0.00088   -0.00220   -0.00037    0.00087
最终取值= 0.40051    0.70218   100.08823   1725.15390    0.79983   291.78485    0.49847
MECHN1=   99.00
初始猜值= 0.40051    0.70218   100.08823   1725.15390    0.79983   291.78485    0.49847
steps=1.000000  time=1.000000
残差=-0.00008   -0.00007    0.00006   -0.00100   -0.00224   -0.00038    0.00097
最终取值= 0.39174    0.70298   99.57412   1708.49681    0.79989   291.90607    0.52088
MECHN1=   98.00
初始猜值= 0.39174    0.70298   99.07412   1708.49681    0.79989   291.90607    0.52088
steps=1.000000  time=1.000000
残差= 0.00004    0.00005   -0.00003    0.00015    0.00060   -0.00004   -0.00028
最终取值= 0.38223    0.70370   99.02050   1689.75534    0.80000   292.00909    0.54258
MECHN1=   97.00
初始猜值= 0.38223    0.70370   98.52050   1689.75534    0.80000   292.00909    0.54258
steps=30.000000  time=1.000000
残差=-0.00594   -0.01190   -0.00034    0.00264   -0.00956   -0.00222   -0.01615
最终取值= 0.38223    0.70370   98.52050   1689.75534    0.80000   292.00909    0.54258
MECHN1=   96.00
初始猜值= 0.38223    0.70370   98.22050   1689.75534    0.80000   292.00909    0.54258
steps=2.000000  time=2.000000
残差=-0.00001   -0.00001   -0.00000   -0.00062   -0.00159   -0.00039    0.00047
最终取值= 0.36135    0.70436   97.79454   1647.25845    0.80018   292.17986    0.59821
MECHN1=   95.00
初始猜值= 0.36135    0.70436   97.49454   1647.25845    0.80018   292.17986    0.59821
steps=1.000000  time=1.000000
残差= 0.00007    0.00022   -0.00000   -0.00150   -0.00344   -0.00128    0.00082
最终取值= 0.35143    0.70329   97.20103   1625.42500    0.80031   292.26723    0.63277
MECHN1=   94.00
初始猜值= 0.35143    0.70329   96.70103   1625.42500    0.80031   292.26723    0.63277
steps=2.000000  time=2.000000
残差=-0.00000   -0.00008    0.00006   -0.00146   -0.00372   -0.00055    0.00146
最终取值= 0.33502    0.70116   96.58893   1603.01588    0.80046   292.34055    0.67411
MECHN1=   93.00
初始猜值= 0.33502    0.70116   96.08893   1603.01588    0.80046   292.34055    0.67411
steps=30.000000  time=3.000000
残差= 0.00000    0.00045   -0.00028    0.00754    0.01922    0.00279   -0.00756
最终取值= 0.32288    0.69956   96.05612   1584.25228    0.80060   292.44657    0.70836
MECHN1=   92.00
初始猜值= 0.32288    0.69956   95.55612   1584.25228    0.80060   292.44657    0.70836
MECHN1=  100.00
初始猜值= 0.40000    0.70000   100.00000   1720.00000    0.80000   291.90000    0.50000
steps=2.000000  time=2.000000
残差= 0.00000   -0.00005    0.00004   -0.00088   -0.00220   -0.00037    0.00087
最终取值= 0.40051    0.70218   100.08823   1725.15390    0.79983   291.78485    0.49847
MECHN1=   99.00
初始猜值= 0.40051    0.70218   100.08823   1725.15390    0.79983   291.78485    0.49847
steps=1.000000  time=1.000000
残差=-0.00008   -0.00007    0.00006   -0.00100   -0.00224   -0.00038    0.00097
最终取值= 0.39174    0.70298   99.57412   1708.49681    0.79989   291.90607    0.52088
MECHN1=   98.00
初始猜值= 0.39174    0.70298   99.07412   1708.49681    0.79989   291.90607    0.52088
steps=1.000000  time=1.000000
残差= 0.00004    0.00005   -0.00003    0.00015    0.00060   -0.00004   -0.00028
最终取值= 0.38223    0.70370   99.02050   1689.75534    0.80000   292.00909    0.54258
MECHN1=   97.00
初始猜值= 0.38223    0.70370   98.52050   1689.75534    0.80000   292.00909    0.54258
MECHN1=  100.00
初始猜值= 0.40000    0.70000   100.00000   1720.00000    0.80000   291.90000    0.50000
steps=2.000000  time=2.000000
残差= 0.00000   -0.00005    0.00004   -0.00088   -0.00220   -0.00037    0.00087
最终取值= 0.40051    0.70218   100.08823   1725.15390    0.79983   291.78485    0.49847
MECHN1=   99.00
初始猜值= 0.40051    0.70218   100.08823   1725.15390    0.79983   291.78485    0.49847
steps=1.000000  time=1.000000
残差=-0.00008   -0.00007    0.00006   -0.00100   -0.00224   -0.00038    0.00097
最终取值= 0.39174    0.70298   99.57412   1708.49681    0.79989   291.90607    0.52088
MECHN1=   98.00
初始猜值= 0.39174    0.70298   99.07412   1708.49681    0.79989   291.90607    0.52088
steps=1.000000  time=1.000000
残差= 0.00004    0.00005   -0.00003    0.00015    0.00060   -0.00004   -0.00028
最终取值= 0.38223    0.70370   99.02050   1689.75534    0.80000   292.00909    0.54258
MECHN1=   97.00
初始猜值= 0.38223    0.70370   98.52050   1689.75534    0.80000   292.00909    0.54258
MECHN1=  100.00
初始猜值= 0.40000    0.70000   100.00000   1720.00000    0.80000   291.90000    0.50000
steps=2.000000  time=2.000000
残差= 0.00000   -0.00005    0.00004   -0.00088   -0.00220   -0.00037    0.00087
最终取值= 0.40051    0.70218   100.08823   1725.15390    0.79983   291.78485    0.49847
MECHN1=   99.00
初始猜值= 0.40051    0.70218   100.08823   1725.15390    0.79983   291.78485    0.49847
steps=1.000000  time=1.000000
残差=-0.00008   -0.00007    0.00006   -0.00100   -0.00224   -0.00038    0.00097
最终取值= 0.39174    0.70298   99.57412   1708.49681    0.79989   291.90607    0.52088
MECHN1=   98.00
初始猜值= 0.39174    0.70298   99.07412   1708.49681    0.79989   291.90607    0.52088
steps=1.000000  time=1.000000
残差= 0.00004    0.00005   -0.00003    0.00015    0.00060   -0.00004   -0.00028
最终取值= 0.38223    0.70370   99.02050   1689.75534    0.80000   292.00909    0.54258
MECHN1=   97.00
初始猜值= 0.38223    0.70370   98.52050   1689.75534    0.80000   292.00909    0.54258
steps=30.000000  time=1.000000
残差=-0.00594   -0.01190   -0.00034    0.00267   -0.00949   -0.00220   -0.01618
最终取值= 0.38223    0.70370   98.52050   1689.75534    0.80000   292.00909    0.54258
MECHN1=   96.00
初始猜值= 0.38223    0.70370   98.22050   1689.75534    0.80000   292.00909    0.54258
steps=2.000000  time=2.000000
残差=-0.00001   -0.00001   -0.00000   -0.00062   -0.00159   -0.00039    0.00047
最终取值= 0.36135    0.70436   97.79454   1647.25845    0.80018   292.17986    0.59821
MECHN1=   95.00
初始猜值= 0.36135    0.70436   97.49454   1647.25845    0.80018   292.17986    0.59821
steps=1.000000  time=1.000000
残差= 0.00007    0.00022   -0.00000   -0.00150   -0.00344   -0.00128    0.00082
最终取值= 0.35143    0.70329   97.20103   1625.42500    0.80031   292.26723    0.63277
MECHN1=   94.00
初始猜值= 0.35143    0.70329   96.70103   1625.42500    0.80031   292.26723    0.63277
steps=2.000000  time=2.000000
残差=-0.00000   -0.00008    0.00006   -0.00146   -0.00372   -0.00055    0.00146
最终取值= 0.33502    0.70116   96.58893   1603.01588    0.80046   292.34055    0.67411
MECHN1=   93.00
初始猜值= 0.33502    0.70116   96.08893   1603.01588    0.80046   292.34055    0.67411
steps=30.000000  time=3.000000
残差= 0.00000    0.00045   -0.00028    0.00754    0.01922    0.00279   -0.00756
最终取值= 0.32288    0.69956   96.05612   1584.25228    0.80060   292.44657    0.70836
MECHN1=   92.00
初始猜值= 0.32288    0.69956   95.55612   1584.25228    0.80060   292.44657    0.70836
steps=30.000000  time=3.000000
残差= 0.00000    0.00004   -0.00002    0.00097    0.00251    0.00040   -0.00107
最终取值= 0.31460    0.69840   95.57883   1568.29546    0.80072   292.57658    0.73810
MECHN1=   91.00
初始猜值= 0.31460    0.69840   95.27883   1568.29546    0.80072   292.57658    0.73810
steps=30.000000  time=3.000000
残差=-0.00005   -0.00108    0.00065   -0.01793   -0.04528   -0.00604    0.01696
最终取值= 0.31510    0.69925   95.22738   1558.39324    0.80081   292.76142    0.76800
MECHN1=   90.00
初始猜值= 0.31510    0.69925   94.72738   1558.39324    0.80081   292.76142    0.76800
steps=4.000000  time=4.000000
残差=-0.00002   -0.00003    0.00002   -0.00077   -0.00205   -0.00037    0.00089
最终取值= 0.26197    0.69153   94.28417   1525.27558    0.80090   292.74093    0.76790
MECHN1=   89.00
初始猜值= 0.26197    0.69153   93.78417   1525.27558    0.80090   292.74093    0.76790
steps=30.000000  time=3.000000
残差=-0.00004   -0.00029    0.00015   -0.00472   -0.01242   -0.00143    0.00459
最终取值= 0.25702    0.69170   93.86746   1514.33068    0.80093   292.88274    0.78673
MECHN1=   88.00
初始猜值= 0.25702    0.69170   93.56746   1514.33068    0.80093   292.88274    0.78673
steps=30.000000  time=5.000000
残差=-0.00012   -0.00061    0.00027   -0.00970   -0.02605   -0.00281    0.00951
最终取值= 0.22903    0.68765   93.28962   1496.87857    0.80094   292.94175    0.79362
MECHN1=   87.00
初始猜值= 0.22903    0.68765   92.78962   1496.87857    0.80094   292.94175    0.79362
MECHN1=   92.00
初始猜值= 0.32288    0.69956   95.05612   1584.25228    0.80060   292.44657    0.70836
steps=30.000000  time=14.000000
残差=-0.00000   -0.00010    0.00006   -0.00158   -0.00402   -0.00082    0.00156
最终取值= 0.30449    0.69676   95.42411   1562.12871    0.80072   292.52574    0.73232
MECHN1=   92.00
初始猜值= 0.32288    0.69956   95.55612   1584.25228    0.80060   292.44657    0.70836
steps=30.000000  time=2.000000
残差= 0.00006    0.00172   -0.00118   -0.00361   -0.00803   -0.00338    0.00610
最终取值= 0.31710    0.69490   95.55954   1564.41370    0.80081   292.53306    0.73584
MECHN1=   92.00
初始猜值= 0.32288    0.69956   95.55612   1584.25228    0.80060   292.44657    0.70836
steps=30.000000  time=2.000000
残差= 0.00006    0.00172   -0.00118   -0.00361   -0.00803   -0.00338    0.00610
最终取值= 0.31710    0.69490   95.55954   1564.41370    0.80081   292.53306    0.73584
MECHN1=  100.00
初始猜值= 0.40000    0.70000   100.00000   1720.00000    0.80000   291.90000    0.50000
steps=2.000000  time=2.000000
残差= 0.00000   -0.00005    0.00004   -0.00088   -0.00220   -0.00037    0.00087
最终取值= 0.40051    0.70218   100.08823   1725.15390    0.79983   291.78485    0.49847
MECHN1=   99.00
初始猜值= 0.40051    0.70218   100.08823   1725.15390    0.79983   291.78485    0.49847
steps=1.000000  time=1.000000
残差=-0.00008   -0.00007    0.00006   -0.00100   -0.00224   -0.00038    0.00097
最终取值= 0.39174    0.70298   99.57412   1708.49681    0.79989   291.90607    0.52088
MECHN1=   98.00
初始猜值= 0.39174    0.70298   99.07412   1708.49681    0.79989   291.90607    0.52088
steps=1.000000  time=1.000000
残差= 0.00004    0.00005   -0.00003    0.00015    0.00060   -0.00004   -0.00028
最终取值= 0.38223    0.70370   99.02050   1689.75534    0.80000   292.00909    0.54258
MECHN1=   97.00
初始猜值= 0.38223    0.70370   98.52050   1689.75534    0.80000   292.00909    0.54258
steps=30.000000  time=1.000000
残差=-0.00594   -0.01190   -0.00034    0.00267   -0.00949   -0.00220   -0.01618
最终取值= 0.38223    0.70370   98.52050   1689.75534    0.80000   292.00909    0.54258
MECHN1=   96.00
初始猜值= 0.38223    0.70370   98.22050   1689.75534    0.80000   292.00909    0.54258
steps=2.000000  time=2.000000
残差=-0.00001   -0.00001   -0.00000   -0.00062   -0.00159   -0.00039    0.00047
最终取值= 0.36135    0.70436   97.79454   1647.25845    0.80018   292.17986    0.59821
MECHN1=   95.00
初始猜值= 0.36135    0.70436   97.49454   1647.25845    0.80018   292.17986    0.59821
steps=1.000000  time=1.000000
残差= 0.00007    0.00022   -0.00000   -0.00150   -0.00344   -0.00128    0.00082
最终取值= 0.35143    0.70329   97.20103   1625.42500    0.80031   292.26723    0.63277
MECHN1=   94.00
初始猜值= 0.35143    0.70329   96.70103   1625.42500    0.80031   292.26723    0.63277
steps=2.000000  time=2.000000
残差=-0.00000   -0.00008    0.00006   -0.00146   -0.00372   -0.00055    0.00146
最终取值= 0.33502    0.70116   96.58893   1603.01588    0.80046   292.34055    0.67411
MECHN1=   93.00
初始猜值= 0.33502    0.70116   96.08893   1603.01588    0.80046   292.34055    0.67411
steps=30.000000  time=3.000000
残差= 0.00000    0.00045   -0.00028    0.00754    0.01922    0.00279   -0.00756
最终取值= 0.32288    0.69956   96.05612   1584.25228    0.80060   292.44657    0.70836
MECHN1=   92.00
初始猜值= 0.32288    0.69956   95.55612   1584.25228    0.80060   292.44657    0.70836
steps=30.000000  time=3.000000
残差= 0.00000    0.00004   -0.00002    0.00097    0.00251    0.00040   -0.00107
最终取值= 0.31460    0.69840   95.57883   1568.29546    0.80072   292.57658    0.73810
MECHN1=   91.00
初始猜值= 0.31460    0.69840   95.27883   1568.29546    0.80072   292.57658    0.73810
MECHN1=  100.00
初始猜值= 0.40000    0.70000   100.00000   1720.00000    0.80000   291.90000    0.50000
steps=2.000000  time=2.000000
残差= 0.00000   -0.00005    0.00004   -0.00075   -0.00188   -0.00032    0.00074
最终取值= 0.40051    0.70218   100.08823   1725.15390    0.79983   291.78485    0.49847
MECHN1=   99.00
初始猜值= 0.40051    0.70218   100.08823   1725.15390    0.79983   291.78485    0.49847
steps=1.000000  time=1.000000
残差=-0.00008    0.00006   -0.00003    0.00093    0.00259    0.00042   -0.00094
最终取值= 0.39158    0.70297   99.57135   1708.38805    0.79989   291.90533    0.52073
MECHN1=   98.00
初始猜值= 0.39158    0.70297   99.07135   1708.38805    0.79989   291.90533    0.52073
steps=1.000000  time=1.000000
残差= 0.00004   -0.00001    0.00001   -0.00073   -0.00162   -0.00037    0.00059
最终取值= 0.38208    0.70370   99.01845   1689.67906    0.80000   292.00866    0.54249
MECHN1=   97.00
初始猜值= 0.38208    0.70370   98.51845   1689.67906    0.80000   292.00866    0.54249
steps=30.000000  time=1.000000
残差=-0.00594   -0.01190   -0.00034    0.00274   -0.00931   -0.00215   -0.01626
最终取值= 0.38208    0.70370   98.51845   1689.67906    0.80000   292.00866    0.54249
MECHN1=   96.00
初始猜值= 0.38208    0.70370   98.21845   1689.67906    0.80000   292.00866    0.54249
steps=2.000000  time=2.000000
残差=-0.00001    0.00005   -0.00004    0.00030    0.00073   -0.00003   -0.00044
最终取值= 0.36113    0.70435   97.79007   1647.09097    0.80018   292.17868    0.59801
MECHN1=   95.00
初始猜值= 0.36113    0.70435   97.49007   1647.09097    0.80018   292.17868    0.59801
steps=1.000000  time=1.000000
残差= 0.00007    0.00026   -0.00003   -0.00077   -0.00161   -0.00099    0.00009
最终取值= 0.35122    0.70327   97.19764   1625.29783    0.80031   292.26627    0.63260
MECHN1=   94.00
初始猜值= 0.35122    0.70327   96.69764   1625.29783    0.80031   292.26627    0.63260
steps=2.000000  time=2.000000
残差=-0.00000   -0.00006    0.00004   -0.00109   -0.00278   -0.00042    0.00109
最终取值= 0.33489    0.70115   96.58662   1602.92688    0.80046   292.33988    0.67400
MECHN1=   93.00
初始猜值= 0.33489    0.70115   96.08662   1602.92688    0.80046   292.33988    0.67400
steps=30.000000  time=3.000000
残差=-0.00001   -0.00019    0.00012   -0.00313   -0.00796   -0.00112    0.00309
最终取值= 0.32267    0.69953   96.05295   1584.12656    0.80060   292.44557    0.70826
MECHN1=   92.00
初始猜值= 0.32267    0.69953   95.55295   1584.12656    0.80060   292.44557    0.70826
steps=30.000000  time=6.000000
残差= 0.00011   -0.00013    0.00021   -0.00220   -0.00543   -0.00127    0.00252
最终取值= 0.31077    0.69780   95.49540   1564.92734    0.80072   292.55313    0.73563
MECHN1=   91.00
初始猜值= 0.31077    0.69780   95.19540   1564.92734    0.80072   292.55313    0.73563
MECHN1=  100.00
初始猜值= 0.40000    0.70000   100.00000   1720.00000    0.80000   291.90000    0.50000
steps=2.000000  time=2.000000
残差= 0.00000   -0.00005    0.00004   -0.00075   -0.00188   -0.00032    0.00074
最终取值= 0.40051    0.70218   100.08823   1725.15390    0.79983   291.78485    0.49847
MECHN1=   99.00
初始猜值= 0.40051    0.70218   100.08823   1725.15390    0.79983   291.78485    0.49847
steps=1.000000  time=1.000000
残差=-0.00008    0.00006   -0.00003    0.00093    0.00259    0.00042   -0.00094
最终取值= 0.39158    0.70297   99.57135   1708.38805    0.79989   291.90533    0.52073
MECHN1=   98.00
初始猜值= 0.39158    0.70297   99.07135   1708.38805    0.79989   291.90533    0.52073
steps=1.000000  time=1.000000
残差= 0.00004   -0.00001    0.00001   -0.00073   -0.00162   -0.00037    0.00059
最终取值= 0.38208    0.70370   99.01845   1689.67906    0.80000   292.00866    0.54249
MECHN1=   97.00
初始猜值= 0.38208    0.70370   98.51845   1689.67906    0.80000   292.00866    0.54249
steps=30.000000  time=1.000000
残差=-0.00594   -0.01190   -0.00034    0.00274   -0.00931   -0.00215   -0.01626
最终取值= 0.38208    0.70370   98.51845   1689.67906    0.80000   292.00866    0.54249
MECHN1=   96.00
初始猜值= 0.38208    0.70370   98.21845   1689.67906    0.80000   292.00866    0.54249
steps=2.000000  time=2.000000
残差=-0.00001    0.00005   -0.00004    0.00030    0.00073   -0.00003   -0.00044
最终取值= 0.36113    0.70435   97.79007   1647.09098    0.80018   292.17868    0.59801
MECHN1=   95.00
初始猜值= 0.36113    0.70435   97.49007   1647.09098    0.80018   292.17868    0.59801
steps=1.000000  time=1.000000
残差= 0.00007    0.00026   -0.00003   -0.00077   -0.00161   -0.00099    0.00009
最终取值= 0.35122    0.70327   97.19764   1625.29784    0.80031   292.26627    0.63260
MECHN1=   94.00
初始猜值= 0.35122    0.70327   96.69764   1625.29784    0.80031   292.26627    0.63260
steps=2.000000  time=2.000000
残差=-0.00000   -0.00006    0.00004   -0.00109   -0.00278   -0.00042    0.00109
最终取值= 0.33489    0.70115   96.58662   1602.92688    0.80046   292.33988    0.67400
MECHN1=   93.00
初始猜值= 0.33489    0.70115   96.08662   1602.92688    0.80046   292.33988    0.67400
steps=30.000000  time=3.000000
残差=-0.00001   -0.00019    0.00012   -0.00313   -0.00796   -0.00112    0.00309
最终取值= 0.32267    0.69953   96.05295   1584.12656    0.80060   292.44557    0.70826
MECHN1=   92.00
初始猜值= 0.32267    0.69953   95.55295   1584.12656    0.80060   292.44557    0.70826
steps=30.000000  time=6.000000
残差= 0.00011   -0.00013    0.00021   -0.00220   -0.00543   -0.00127    0.00252
最终取值= 0.31077    0.69780   95.49540   1564.92724    0.80072   292.55313    0.73563
MECHN1=   91.00
初始猜值= 0.31077    0.69780   95.19540   1564.92724    0.80072   292.55313    0.73563
