MECHN1=  100.00
初始猜值= 0.40000    0.70000   100.00000   1720.00000    0.80000   291.90000    0.50000
steps=1.000000  time=1.000000
残差=-0.00000   -0.00000   -0.00002    0.00007    0.00006    0.00000   -0.00001
最终取值= 0.39953    0.70207   100.06976   1724.41465    0.79984   291.77834    0.49739
MECHN1=   99.00
初始猜值= 0.39953    0.70207   100.06976   1724.41465    0.79984   291.77834    0.49739
steps=1.000000  time=1.000000
残差=-0.00008   -0.00003    0.00003   -0.00020   -0.00026   -0.00005    0.00018
最终取值= 0.39120    0.70298   99.56290   1708.08446    0.79988   291.90331    0.52033
MECHN1=   98.00
初始猜值= 0.39120    0.70298   99.06290   1708.08446    0.79988   291.90331    0.52033
steps=1.000000  time=1.000000
残差= 0.00004    0.00001   -0.00001   -0.00001    0.00025   -0.00006   -0.00025
最终取值= 0.38211    0.70376   99.02004   1689.80281    0.80000   292.01065    0.54242
MECHN1=   97.00
初始猜值= 0.38211    0.70376   98.52004   1689.80281    0.80000   292.01065    0.54242
steps=1.000000  time=1.000000
残差= 0.00005    0.00011   -0.00004    0.00036    0.00117   -0.00005   -0.00070
最终取值= 0.37200    0.70387   98.41703   1668.68222    0.80010   292.09916    0.56630
MECHN1=   96.00
初始猜值= 0.37200    0.70387   98.11703   1668.68222    0.80010   292.09916    0.56630
steps=2.000000  time=2.000000
残差= 0.00000    0.00000   -0.00000    0.00002    0.00005   -0.00000   -0.00003
最终取值= 0.36030    0.70430   97.77779   1646.58431    0.80018   292.17597    0.59812
MECHN1=   95.00
初始猜值= 0.36030    0.70430   97.47779   1646.58431    0.80018   292.17597    0.59812
steps=2.000000  time=2.000000
残差= 0.00000   -0.00000   -0.00000    0.00002    0.00006   -0.00000   -0.00003
最终取值= 0.34723    0.70280   97.14455   1623.20963    0.80032   292.24657    0.63364
MECHN1=   94.00
初始猜值= 0.34723    0.70280   96.64455   1623.20963    0.80032   292.24657    0.63364
steps=1.000000  time=1.000000
残差= 0.00005    0.00017   -0.00007    0.00081    0.00238   -0.00018   -0.00052
最终取值= 0.33365    0.70081   96.54442   1601.07836    0.80048   292.32986    0.67193
MECHN1=   93.00
初始猜值= 0.33365    0.70081   96.04442   1601.07836    0.80048   292.32986    0.67193
steps=1.000000  time=1.000000
残差= 0.00004   -0.00009    0.00008   -0.00069   -0.00151   -0.00027    0.00200
最终取值= 0.31885    0.69861   95.97839   1580.80750    0.80062   292.42392    0.70836
MECHN1=   92.00
初始猜值= 0.31885    0.69861   95.47839   1580.80750    0.80062   292.42392    0.70836
steps=1.000000  time=1.000000
残差= 0.00005    0.00005   -0.00001    0.00025    0.00095   -0.00037    0.00082
最终取值= 0.30221    0.69596   95.38115   1560.04372    0.80074   292.51315    0.73252
MECHN1=   91.00
初始猜值= 0.30221    0.69596   95.08115   1560.04372    0.80074   292.51315    0.73252
steps=1.000000  time=1.000000
残差= 0.00010    0.00015    0.00007    0.00108    0.00297   -0.00053    0.00012
最终取值= 0.28364    0.69339   94.79631   1540.65361    0.80082   292.61457    0.75277
MECHN1=   90.00
初始猜值= 0.28364    0.69339   94.29631   1540.65361    0.80082   292.61457    0.75277
steps=1.000000  time=1.000000
残差= 0.00004    0.00007   -0.00005    0.00071    0.00219   -0.00038   -0.00009
最终取值= 0.26247    0.69091   94.26310   1524.17585    0.80093   292.73734    0.76759
MECHN1=   89.00
初始猜值= 0.26247    0.69091   93.76310   1524.17585    0.80093   292.73734    0.76759
steps=1.000000  time=1.000000
残差= 0.00002    0.00003   -0.00006   -0.00022   -0.00018   -0.00007    0.00000
最终取值= 0.24136    0.68934   93.76204   1509.86376    0.80096   292.84963    0.77904
MECHN1=   88.00
初始猜值= 0.24136    0.68934   93.46204   1509.86376    0.80096   292.84963    0.77904
steps=1.000000  time=1.000000
残差= 0.00001    0.00010   -0.00002   -0.00105   -0.00238    0.00020    0.00017
最终取值= 0.22164    0.68664   93.24750   1495.05497    0.80094   292.93141    0.79017
MECHN1=   87.00
初始猜值= 0.22164    0.68664   92.74750   1495.05497    0.80094   292.93141    0.79017
steps=2.000000  time=2.000000
残差=-0.00001    0.00000   -0.00001   -0.00003   -0.00010    0.00000    0.00002
最终取值= 0.20529    0.68010   92.68125   1477.55580    0.80096   292.95390    0.80402
MECHN1=   86.00
初始猜值= 0.20529    0.68010   92.18125   1477.55580    0.80096   292.95390    0.80402
steps=2.000000  time=2.000000
残差=-0.00001    0.00000   -0.00001   -0.00009   -0.00025    0.00003    0.00003
最终取值= 0.18805    0.67039   92.10323   1458.86945    0.80096   292.93861    0.82121
MECHN1=   85.00
初始猜值= 0.18805    0.67039   91.60323   1458.86945    0.80096   292.93861    0.82121
steps=2.000000  time=2.000000
残差=-0.00001    0.00000   -0.00001   -0.00006   -0.00016    0.00002    0.00002
最终取值= 0.17125    0.65720   91.52194   1439.18675    0.80098   292.87967    0.84368
MECHN1=   84.00
初始猜值= 0.17125    0.65720   91.02194   1439.18675    0.80098   292.87967    0.84368
steps=1.000000  time=1.000000
残差=-0.00006    0.00009   -0.00014   -0.00110   -0.00257    0.00017   -0.00003
最终取值= 0.15412    0.64166   90.96510   1419.48064    0.80100   292.78670    0.86985
