steps=1.000000  time=1.000000
残差=-0.00000   -0.00000   -0.00001    0.00005    0.00004    0.00000    -0.00001    0.00000
最终取值= 0.39924    0.70139   100.05365   1753.11640    0.79989   291.80228     0.49748    0.07405
steps=1.000000  time=1.000000
残差=-0.00006    0.00005    0.00001   -0.00011    0.00000   -0.00002     0.00009   -0.00001
最终取值= 0.39321    0.70026   99.56077   1735.37949    0.79996   291.91504     0.51598    0.07418
steps=1.000000  time=1.000000
残差= 0.00004    0.00001   -0.00004   -0.00002    0.00017   -0.00003    -0.00008   -0.00002
最终取值= 0.38654    0.69921   99.03260   1716.10402    0.80009   292.00809     0.53467    0.07430
steps=1.000000  time=1.000000
残差= 0.00005    0.00007   -0.00006    0.00014    0.00062   -0.00005    -0.00030   -0.00004
最终取值= 0.37913    0.69782   98.44656   1694.54359    0.80019   292.09012     0.55541    0.07442
steps=1.000000  time=1.000000
残差= 0.00007    0.00015   -0.00009    0.00033    0.00117   -0.00008    -0.00053   -0.00007
最终取值= 0.37051    0.69495   97.81110   1669.88472    0.80033   292.14850     0.57614    0.07457
steps=1.000000  time=1.000000
残差= 0.00008    0.00024   -0.00015    0.00090    0.00285   -0.00012    -0.00137   -0.00009
最终取值= 0.36122    0.69308   97.17125   1646.25106    0.80044   292.21417     0.60303    0.07467
steps=2.000000  time=2.000000
残差= 0.00000   -0.00017    0.00015   -0.00034   -0.00115    0.00000     0.00031   -0.00013
最终取值= 0.35064    0.68897   96.55944   1622.17683    0.80059   292.27260     0.63562    0.07482
steps=1.000000  time=1.000000
残差= 0.00005    0.00007   -0.00005    0.00051    0.00177   -0.00006    -0.00016   -0.00009
最终取值= 0.34129    0.68835   96.00600   1603.46191    0.80068   292.37931     0.67787    0.07484
steps=1.000000  time=1.000000
残差= 0.00004   -0.00006    0.00002   -0.00061   -0.00148   -0.00007     0.00142   -0.00014
最终取值= 0.33079    0.68577   95.43650   1583.10112    0.80079   292.46653     0.70874    0.07493
steps=1.000000  time=1.000000
残差= 0.00007    0.00009   -0.00007    0.00001    0.00034   -0.00015     0.00039   -0.00019
最终取值= 0.31947    0.68100   94.80238   1559.50128    0.80094   292.52910     0.72478    0.07509
steps=2.000000  time=2.000000
残差= 0.00001    0.00002    0.00000    0.00002    0.00004   -0.00000     0.00001   -0.00000
最终取值= 0.30810    0.67585   94.17537   1536.74550    0.80105   292.58001     0.73488    0.07527
steps=1.000000  time=1.000000
残差= 0.00008    0.00011   -0.00008    0.00021    0.00097   -0.00012     0.00005   -0.00014
最终取值= 0.29965    0.67172   93.58884   1516.50120    0.80114   292.63461     0.74359    0.07542
steps=1.000000  time=1.000000
残差= 0.00007    0.00010   -0.00008    0.00023    0.00097   -0.00012     0.00002   -0.00014
最终取值= 0.29149    0.66747   93.01292   1497.23998    0.80120   292.67084     0.75097    0.07557
steps=1.000000  time=1.000000
残差= 0.00009    0.00012   -0.00009    0.00027    0.00100   -0.00013     0.00000   -0.00015
最终取值= 0.28257    0.66091   92.41612   1475.91307    0.80128   292.66396     0.75673    0.07577
steps=1.000000  time=1.000000
残差= 0.00008    0.00012   -0.00009    0.00027    0.00093   -0.00013     0.00001   -0.00015
最终取值= 0.27337    0.65426   91.83592   1456.35071    0.80131   292.65225     0.76862    0.07592
steps=1.000000  time=1.000000
残差=-0.00014   -0.00019   -0.00015    0.00010   -0.00023   -0.00016    -0.00006   -0.00017
最终取值= 0.26274    0.64633   91.28353   1437.98312    0.80134   292.62296     0.78422    0.07606
steps=1.000000  time=1.000000
残差=-0.00000   -0.00000   -0.00002    0.00008    0.00007    0.00000    -0.00002    0.00000
最终取值= 0.39916    0.70235   100.09163   1805.45370    0.79981   291.73784     0.49575    0.07405
steps=1.000000  time=1.000000
残差=-0.00002    0.00011    0.00002   -0.00006   -0.00022   -0.00001     0.00010   -0.00001
最终取值= 0.39313    0.70126   99.59721   1787.07156    0.79988   291.85239     0.51445    0.07417
steps=1.000000  time=1.000000
残差= 0.00004    0.00002   -0.00004   -0.00004    0.00015   -0.00003    -0.00007   -0.00002
最终取值= 0.38648    0.69991   99.06277   1766.88976    0.80003   291.95744     0.53340    0.07430
steps=1.000000  time=1.000000
残差= 0.00005    0.00007   -0.00005    0.00013    0.00057   -0.00005    -0.00029   -0.00004
最终取值= 0.37908    0.69838   98.47211   1744.43911    0.80014   292.04621     0.55427    0.07442
steps=1.000000  time=1.000000
残差= 0.00008    0.00016   -0.00008    0.00033    0.00104   -0.00008    -0.00053   -0.00007
最终取值= 0.37046    0.69541   97.83180   1718.79954    0.80029   292.11118     0.57511    0.07457
steps=1.000000  time=1.000000
残差= 0.00008    0.00024   -0.00014    0.00088    0.00260   -0.00012    -0.00136   -0.00009
最终取值= 0.36117    0.69339   97.18660   1694.19999    0.80041   292.18455     0.60209    0.07467
steps=2.000000  time=2.000000
残差= 0.00000   -0.00017    0.00014   -0.00033   -0.00105    0.00000     0.00031   -0.00012
最终取值= 0.35059    0.68914   96.56987   1669.17109    0.80057   292.24930     0.63477    0.07482
steps=1.000000  time=1.000000
残差= 0.00005    0.00007   -0.00005    0.00054    0.00173   -0.00006    -0.00022   -0.00009
最终取值= 0.34125    0.68840   96.01268   1649.70006    0.80067   292.36165     0.67718    0.07484
steps=1.000000  time=1.000000
残差= 0.00005   -0.00005    0.00004   -0.00063   -0.00145   -0.00007     0.00146   -0.00014
最终取值= 0.33076    0.68563   95.44060   1628.58974    0.80079   292.45677     0.70853    0.07493
steps=1.000000  time=1.000000
残差= 0.00007    0.00009   -0.00006    0.00000    0.00033   -0.00015     0.00039   -0.00019
最终取值= 0.31946    0.68075   94.80362   1604.13277    0.80094   292.52428     0.72467    0.07509
steps=2.000000  time=2.000000
残差=-0.00000    0.00001   -0.00000    0.00000   -0.00002   -0.00000     0.00001   -0.00000
最终取值= 0.30813    0.67520   94.16776   1580.19090    0.80108   292.59348     0.73523    0.07527
steps=1.000000  time=1.000000
残差= 0.00006    0.00009   -0.00009    0.00012    0.00071   -0.00011     0.00007   -0.00013
最终取值= 0.29977    0.67008   93.56503   1558.37162    0.80122   292.68750     0.74479    0.07542
steps=1.000000  time=1.000000
残差= 0.00005    0.00008   -0.00009    0.00012    0.00071   -0.00011     0.00004   -0.00013
最终取值= 0.29177    0.66430   92.96523   1537.09980    0.80134   292.78056     0.75343    0.07558
steps=1.000000  time=1.000000
残差= 0.00007    0.00010   -0.00010    0.00015    0.00095   -0.00013     0.00002   -0.00015
最终取值= 0.28309    0.65554   92.33802   1513.31689    0.80151   292.84785     0.76077    0.07577
steps=1.000000  time=1.000000
残差= 0.00006    0.00010   -0.00010    0.00017    0.00075   -0.00012     0.00002   -0.00014
最终取值= 0.27421    0.64669   91.73306   1491.66488    0.80162   292.89911     0.77396    0.07593
steps=1.000000  time=1.000000
残差=-0.00000    0.00001    0.00003   -0.00010   -0.00029   -0.00000     0.00002    0.00000
最终取值= 0.40274    0.70103   99.78678   1744.03551    0.79984   291.75997     0.48603    0.07394
steps=1.000000  time=1.000000
残差=-0.00000    0.00001    0.00003   -0.00010   -0.00029   -0.00000     0.00002    0.00000
最终取值= 0.40274    0.70103   99.78678   1744.03551    0.79984   291.75997     0.48603    0.07394
steps=1.000000  time=1.000000
残差= 0.00038    0.00037    0.00009   -0.00040    0.00192   -0.00004    -0.00125   -0.00004
最终取值= 0.39247    0.70497   100.58465   1772.90615    0.79994   291.94452     0.52165    0.07421
steps=1.000000  time=1.000000
残差= 0.00022    0.00005    0.00006   -0.00012    0.00126   -0.00010    -0.00215   -0.00008
最终取值= 0.38164    0.70864   101.29436   1799.37099    0.79999   292.04743     0.55826    0.07449
steps=2.000000  time=2.000000
残差= 0.00000    0.00002   -0.00001    0.00013    0.00033   -0.00000    -0.00019    0.00000
最终取值= 0.36971    0.71162   101.90370   1820.89889    0.80001   292.10822     0.61043    0.07475
steps=2.000000  time=2.000000
残差= 0.00000   -0.00001    0.00001   -0.00000   -0.00004    0.00000     0.00006    0.00000
最终取值= 0.35704    0.71479   102.55682   1844.30578    0.80008   292.20602     0.67229    0.07501
steps=2.000000  time=2.000000
残差=-0.00000    0.00000    0.00000    0.00001   -0.00004    0.00000     0.00002   -0.00000
最终取值= 0.34435    0.71807   103.23575   1869.91607    0.80012   292.31653     0.71957    0.07529
steps=1.000000  time=1.000000
残差= 0.00086   -0.00011    0.00085   -0.00066   -0.00011   -0.00010    -0.00045   -0.00022
最终取值= 0.33206    0.72357   103.89969   1896.26574    0.80018   292.46774     0.75657    0.07558
steps=30.000000  time=1.000000
残差= 0.00350    0.00301    0.00110    0.04506    0.12410   -0.00422    -0.04601   -0.00769
最终取值= 0.33206    0.72357   103.89969   1896.26574    0.80018   292.46774     0.75657    0.07558
steps=1.000000  time=1.000000
残差=-0.00000    0.00001    0.00003   -0.00010   -0.00029   -0.00000     0.00002    0.00000
最终取值= 0.40274    0.70103   99.78678   1744.03551    0.79984   291.75997     0.48603    0.07394
steps=1.000000  time=1.000000
残差=-0.00004   -0.00002   -0.00010   -0.00017    0.00027   -0.00001    -0.00030   -0.00002
最终取值= 0.39745    0.70150   100.19135   1757.83976    0.79993   291.83564     0.50249    0.07410
steps=1.000000  time=1.000000
残差= 0.00001   -0.00002   -0.00005   -0.00021    0.00009   -0.00001    -0.00034   -0.00000
最终取值= 0.39247    0.70432   100.58351   1773.12002    0.79993   291.90943     0.52321    0.07421
steps=1.000000  time=1.000000
残差= 0.00002   -0.00001   -0.00004   -0.00006    0.00044   -0.00002    -0.00051   -0.00002
最终取值= 0.38712    0.70613   100.94579   1786.32486    0.79995   291.96964     0.54169    0.07435
steps=1.000000  time=1.000000
残差= 0.00006    0.00004   -0.00002    0.00009    0.00068   -0.00003    -0.00072   -0.00002
最终取值= 0.38159    0.70809   101.28426   1798.69443    0.79997   292.02408     0.56132    0.07449
steps=1.000000  time=1.000000
残差= 0.00006    0.00004   -0.00003    0.00028    0.00127   -0.00004    -0.00102   -0.00003
最终取值= 0.37581    0.71001   101.59793   1810.07156    0.80000   292.07296     0.58284    0.07462
steps=1.000000  time=1.000000
残差= 0.00009    0.00010   -0.00005    0.00064    0.00224   -0.00006    -0.00157   -0.00003
最终取值= 0.36974    0.71189   101.89994   1820.91173    0.80003   292.11623     0.60727    0.07475
steps=1.000000  time=1.000000
残差= 0.00011    0.00011   -0.00003    0.00084    0.00278   -0.00006    -0.00175   -0.00004
最终取值= 0.36344    0.71358   102.21123   1831.97882    0.80006   292.16139     0.63732    0.07488
steps=1.000000  time=1.000000
残差= 0.00020    0.00005    0.00013    0.00030    0.00142   -0.00002    -0.00051   -0.00005
最终取值= 0.35708    0.71526   102.54846   1843.99952    0.80009   292.21624     0.67154    0.07501
steps=1.000000  time=1.000000
残差= 0.00017   -0.00015    0.00023   -0.00046   -0.00104    0.00001     0.00060   -0.00005
最终取值= 0.35076    0.71690   102.90054   1857.21314    0.80012   292.27103     0.69932    0.07515
steps=1.000000  time=1.000000
残差= 0.00017   -0.00014    0.00022   -0.00045   -0.00086   -0.00000     0.00043   -0.00005
最终取值= 0.34444    0.71858   103.23829   1870.10796    0.80014   292.32772     0.72029    0.07529
steps=1.000000  time=1.000000
残差= 0.00021   -0.00009    0.00021   -0.00021   -0.00016   -0.00002    -0.00006   -0.00006
最终取值= 0.33815    0.72039   103.57250   1883.25891    0.80015   292.38398     0.73910    0.07543
steps=1.000000  time=1.000000
残差= 0.00022   -0.00006    0.00020   -0.00004    0.00032   -0.00003    -0.00033   -0.00006
最终取值= 0.33176    0.72156   103.89813   1895.90329    0.80016   292.43566     0.75643    0.07558
steps=1.000000  time=1.000000
残差=-0.00000   -0.00000   -0.00001    0.00005    0.00004    0.00000    -0.00001    0.00000
最终取值= 0.39924    0.70139   100.05365   1753.11640    0.79989   291.80228     0.49748    0.07405
steps=0.000000  time=0.000000
残差=-0.00000   -0.00000   -0.00001    0.00005    0.00004    0.00000    -0.00001    0.00000
最终取值= 0.39924    0.70139   100.05365   1753.11640    0.79989   291.80228     0.49748    0.07405
steps=0.000000  time=0.000000
残差=-0.00000   -0.00000   -0.00001    0.00005    0.00004    0.00000    -0.00001    0.00000
最终取值= 0.39924    0.70139   100.05365   1753.11640    0.79989   291.80228     0.49748    0.07405
steps=0.000000  time=0.000000
残差=-0.00000   -0.00000   -0.00001    0.00005    0.00004    0.00000    -0.00001    0.00000
最终取值= 0.39924    0.70139   100.05365   1753.11640    0.79989   291.80228     0.49748    0.07405
steps=0.000000  time=0.000000
残差=-0.00000   -0.00000   -0.00001    0.00005    0.00004    0.00000    -0.00001    0.00000
最终取值= 0.39924    0.70139   100.05365   1753.11640    0.79989   291.80228     0.49748    0.07405
steps=1.000000  time=1.000000
残差= 0.00000    0.00000    0.00002   -0.00000   -0.00012   -0.00000     0.00002    0.00000
最终取值= 0.40129    0.70151   99.90164   1748.33122    0.79985   291.77876     0.49183    0.07399
steps=1.000000  time=1.000000
残差= 0.00023    0.00019    0.00003   -0.00045    0.00145   -0.00005    -0.00121   -0.00004
最终取值= 0.39083    0.70331   100.68277   1774.61843    0.80001   291.95492     0.52306    0.07421
steps=1.000000  time=1.000000
残差= 0.00036    0.00022    0.00014    0.00001    0.00246   -0.00013    -0.00229   -0.00011
最终取值= 0.37833    0.70480   101.42370   1798.60038    0.80016   292.07088     0.55895    0.07446
steps=2.000000  time=2.000000
残差= 0.00000    0.00002   -0.00001    0.00014    0.00031   -0.00000    -0.00017   -0.00000
最终取值= 0.36252    0.70413   102.12085   1819.10658    0.80031   292.12163     0.61506    0.07471
steps=2.000000  time=2.000000
残差= 0.00000   -0.00003    0.00002   -0.00004   -0.00019    0.00001     0.00014   -0.00000
最终取值= 0.34486    0.70440   102.97151   1845.97061    0.80050   292.25183     0.68706    0.07493
steps=1.000000  time=1.000000
残差= 0.00000    0.00000    0.00002   -0.00000   -0.00012   -0.00000     0.00002    0.00000
最终取值= 0.40129    0.70151   99.90164   1748.33122    0.79985   291.77876     0.49183    0.07399
steps=1.000000  time=1.000000
残差=-0.00023    0.00018   -0.00023   -0.00056    0.00005   -0.00002    -0.00033   -0.00004
最终取值= 0.41086    0.70225   99.17785   1726.21980    0.79966   291.68832     0.46569    0.07371
steps=1.000000  time=1.000000
残差=-0.00023    0.00028   -0.00032   -0.00021    0.00101   -0.00001    -0.00067   -0.00007
最终取值= 0.41920    0.70338   98.50186   1705.47305    0.79950   291.58583     0.44060    0.07348
steps=1.000000  time=1.000000
残差=-0.00015    0.00044   -0.00038    0.00043    0.00269   -0.00004    -0.00158   -0.00008
最终取值= 0.43001    0.70385   97.92741   1687.17518    0.79940   291.49824     0.41109    0.07315
steps=1.000000  time=1.000000
残差=-0.00006    0.00041   -0.00029    0.00045    0.00218   -0.00011    -0.00158   -0.00011
最终取值= 0.44984    0.70557   97.51096   1675.03020    0.79929   291.43832     0.38898    0.07288
steps=1.000000  time=1.000000
残差=-0.00006    0.00013   -0.00011   -0.00009    0.00039   -0.00010    -0.00039   -0.00011
最终取值= 0.47270    0.70822   97.21413   1668.00513    0.79918   291.41161     0.37862    0.07260
steps=1.000000  time=1.000000
残差=-0.00001    0.00006   -0.00003   -0.00000    0.00031   -0.00007    -0.00020   -0.00007
最终取值= 0.49283    0.71085   97.02548   1664.31993    0.79908   291.39756     0.37092    0.07238
steps=1.000000  time=1.000000
残差= 0.00000    0.00002    0.00000    0.00002    0.00016   -0.00003    -0.00006   -0.00003
最终取值= 0.50638    0.71275   96.92702   1662.87498    0.79901   291.38757     0.36643    0.07224
steps=30.000000  time=26.000000
残差=-0.00032    0.00020   -0.00047    0.00102    0.00342    0.00004    -0.00163    0.00004
最终取值= 0.51093    0.71261   96.89734   1662.54108    0.79899   291.38374     0.36219    0.07219
steps=1.000000  time=1.000000
残差=-0.00000    0.00001    0.00003   -0.00010   -0.00029   -0.00000     0.00002    0.00000
最终取值= 0.40274    0.70103   99.78678   1744.03551    0.79984   291.75997     0.48603    0.07394
steps=1.000000  time=1.000000
残差= 0.00001    0.00001    0.00001   -0.00002   -0.00012    0.00000     0.00001    0.00000
最终取值= 0.40276    0.69604   99.73237   1736.74518    0.80000   291.74597     0.47270    0.07380
steps=1.000000  time=1.000000
残差= 0.00001    0.00003   -0.00000    0.00004    0.00004    0.00000    -0.00004   -0.00000
最终取值= 0.40229    0.69086   99.69931   1730.03941    0.80017   291.72912     0.45888    0.07375
steps=1.000000  time=1.000000
残差= 0.00000    0.00001    0.00000    0.00001    0.00002    0.00000    -0.00002   -0.00000
最终取值= 0.40222    0.68820   99.68051   1726.51808    0.80027   291.72650     0.45204    0.07367
steps=1.000000  time=1.000000
残差= 0.00000    0.00002   -0.00000    0.00004    0.00009    0.00000    -0.00004   -0.00000
最终取值= 0.40189    0.68520   99.66318   1722.66691    0.80036   291.71291     0.44359    0.07366
steps=1.000000  time=1.000000
残差= 0.00000    0.00001   -0.00000    0.00002    0.00003    0.00000    -0.00002   -0.00000
最终取值= 0.40171    0.68337   99.65312   1720.37007    0.80042   291.70511     0.43851    0.07365
steps=1.000000  time=1.000000
残差= 0.00000    0.00000   -0.00000    0.00000    0.00003    0.00000    -0.00001    0.00000
最终取值= 0.40202    0.68416   99.65640   1721.36212    0.80040   291.71462     0.44111    0.07358
steps=1.000000  time=1.000000
残差= 0.00000    0.00000   -0.00001    0.00001    0.00004    0.00000    -0.00001   -0.00000
最终取值= 0.40234    0.68529   99.66160   1722.83890    0.80037   291.72573     0.44472    0.07352
steps=1.000000  time=1.000000
残差= 0.00000    0.00000   -0.00001    0.00001    0.00005    0.00000    -0.00002   -0.00000
最终取值= 0.40264    0.68673   99.66931   1724.67937    0.80033   291.73518     0.44894    0.07348
steps=1.000000  time=1.000000
残差= 0.00000    0.00000   -0.00001    0.00001    0.00005    0.00000    -0.00002   -0.00000
最终取值= 0.40293    0.68823   99.67695   1726.64330    0.80028   291.74674     0.45351    0.07345
steps=0.000000  time=0.000000
残差= 0.00086   -0.00010    0.00085   -0.00066   -0.00011   -0.00010    -0.00045   -0.00019
最终取值= 0.33206    0.72357   103.89969   1896.26574    0.80018   292.46774     0.75657    0.07558
steps=0.000000  time=0.000000
残差= 0.00086   -0.00010    0.00085   -0.00066   -0.00011   -0.00010    -0.00045   -0.00019
最终取值= 0.33206    0.72357   103.89969   1896.26574    0.80018   292.46774     0.75657    0.07558
steps=0.000000  time=0.000000
残差= 0.00086   -0.00010    0.00085   -0.00066   -0.00011   -0.00010    -0.00045   -0.00019
最终取值= 0.33206    0.72357   103.89969   1896.26574    0.80018   292.46774     0.75657    0.07558
steps=0.000000  time=0.000000
残差= 0.00086   -0.00010    0.00085   -0.00066   -0.00011   -0.00010    -0.00045   -0.00019
最终取值= 0.33206    0.72357   103.89969   1896.26574    0.80018   292.46774     0.75657    0.07558
steps=0.000000  time=0.000000
残差= 0.00086   -0.00010    0.00085   -0.00066   -0.00011   -0.00010    -0.00045   -0.00019
最终取值= 0.33206    0.72357   103.89969   1896.26574    0.80018   292.46774     0.75657    0.07558
steps=0.000000  time=0.000000
残差= 0.00086   -0.00010    0.00085   -0.00066   -0.00011   -0.00010    -0.00045   -0.00019
最终取值= 0.33206    0.72357   103.89969   1896.26574    0.80018   292.46774     0.75657    0.07558
steps=0.000000  time=0.000000
残差= 0.00086   -0.00010    0.00085   -0.00066   -0.00011   -0.00010    -0.00045   -0.00019
最终取值= 0.33206    0.72357   103.89969   1896.26574    0.80018   292.46774     0.75657    0.07558
steps=1.000000  time=1.000000
残差=-0.00000   -0.00000   -0.00001    0.00005    0.00004    0.00000    -0.00001    0.00000
最终取值= 0.39924    0.70137   100.05336   1753.09056    0.79989   291.80283     0.49748    0.07405
steps=1.000000  time=1.000000
残差=-0.00003    0.00009    0.00002   -0.00007   -0.00015   -0.00002     0.00009   -0.00001
最终取值= 0.39321    0.70042   99.56260   1735.44613    0.79995   291.91018     0.51589    0.07417
steps=1.000000  time=1.000000
残差= 0.00004    0.00002   -0.00004   -0.00003    0.00017   -0.00003    -0.00008   -0.00002
最终取值= 0.38656    0.69919   99.03191   1716.06255    0.80009   292.00900     0.53466    0.07429
steps=1.000000  time=1.000000
残差= 0.00005    0.00007   -0.00006    0.00014    0.00062   -0.00005    -0.00030   -0.00004
最终取值= 0.37916    0.69781   98.44558   1694.49603    0.80019   292.09107     0.55539    0.07441
steps=1.000000  time=1.000000
残差= 0.00007    0.00015   -0.00009    0.00033    0.00117   -0.00008    -0.00053   -0.00007
最终取值= 0.37055    0.69497   97.80994   1669.86013    0.80033   292.14981     0.57616    0.07456
steps=1.000000  time=1.000000
残差= 0.00008    0.00024   -0.00015    0.00089    0.00284   -0.00012    -0.00137   -0.00009
最终取值= 0.36127    0.69312   97.16987   1646.22960    0.80043   292.21576     0.60307    0.07465
steps=1.000000  time=1.000000
残差= 0.00009   -0.00060    0.00056   -0.00047   -0.00191   -0.00014    -0.00018   -0.00075
最终取值= 0.35129    0.69016   96.55780   1623.02678    0.80058   292.28366     0.63525    0.07476
steps=1.000000  time=1.000000
残差= 0.00006    0.00007   -0.00006    0.00054    0.00184   -0.00007    -0.00018   -0.00010
最终取值= 0.34145    0.68851   96.00545   1603.57074    0.80068   292.38214     0.67815    0.07481
steps=1.000000  time=1.000000
残差= 0.00004   -0.00005    0.00002   -0.00059   -0.00142   -0.00007     0.00139   -0.00014
最终取值= 0.33091    0.68586   95.43477   1583.10885    0.80079   292.46894     0.70879    0.07491
steps=1.000000  time=1.000000
残差= 0.00007    0.00009   -0.00007    0.00001    0.00033   -0.00015     0.00038   -0.00018
最终取值= 0.31959    0.68108   94.80011   1559.48048    0.80093   292.53149     0.72480    0.07506
steps=1.000000  time=1.000000
残差= 0.00010    0.00014   -0.00008    0.00026    0.00115   -0.00016     0.00010   -0.00018
最终取值= 0.30890    0.67581   94.17323   1536.45657    0.80107   292.58223     0.73503    0.07523
steps=1.000000  time=1.000000
残差= 0.00008    0.00011   -0.00008    0.00024    0.00106   -0.00013     0.00004   -0.00015
最终取值= 0.29989    0.67186   93.58634   1516.48911    0.80114   292.63336     0.74350    0.07538
steps=1.000000  time=1.000000
残差= 0.00007    0.00010   -0.00008    0.00023    0.00097   -0.00012     0.00002   -0.00014
最终取值= 0.29170    0.66764   93.01090   1497.24493    0.80119   292.66832     0.75081    0.07553
steps=1.000000  time=1.000000
残差= 0.00009    0.00012   -0.00009    0.00027    0.00098   -0.00013     0.00000   -0.00015
最终取值= 0.28280    0.66111   92.41388   1475.90299    0.80127   292.65978     0.75649    0.07572
steps=1.000000  time=1.000000
残差= 0.00008    0.00012   -0.00009    0.00027    0.00092   -0.00013     0.00002   -0.00015
最终取值= 0.27365    0.65450   91.83340   1456.33206    0.80130   292.64648     0.76833    0.07587
steps=1.000000  time=1.000000
残差=-0.00015   -0.00019   -0.00015    0.00009   -0.00029   -0.00016    -0.00006   -0.00017
最终取值= 0.26313    0.64662   91.28060   1437.95615    0.80133   292.61512     0.78389    0.07601
steps=1.000000  time=1.000000
残差=-0.00000    0.00001    0.00003   -0.00010   -0.00029   -0.00000     0.00003    0.00000
最终取值= 0.40273    0.70098   99.78635   1743.96612    0.79984   291.76028     0.48593    0.07394
steps=1.000000  time=1.000000
残差= 0.00001    0.00002    0.00001   -0.00002   -0.00012    0.00000     0.00001    0.00000
最终取值= 0.40275    0.69581   99.73078   1736.44350    0.80001   291.74543     0.47209    0.07380
steps=1.000000  time=1.000000
残差= 0.00001    0.00003   -0.00000    0.00004    0.00006    0.00000    -0.00005   -0.00000
最终取值= 0.40227    0.69047   99.69657   1729.52435    0.80019   291.72802     0.45779    0.07374
steps=1.000000  time=1.000000
残差= 0.00000    0.00001    0.00000    0.00002    0.00003    0.00000    -0.00002   -0.00000
最终取值= 0.40220    0.68762   99.67658   1725.76162    0.80029   291.72473     0.45043    0.07365
steps=1.000000  time=1.000000
残差= 0.00000    0.00002   -0.00001    0.00004    0.00010    0.00000    -0.00005   -0.00000
最终取值= 0.40187    0.68447   99.65829   1721.71402    0.80039   291.71055     0.44153    0.07364
steps=1.000000  time=1.000000
残差= 0.00000    0.00001   -0.00000    0.00002    0.00004    0.00000    -0.00002   -0.00000
最终取值= 0.40167    0.68249   99.64714   1719.20718    0.80045   291.70230     0.43602    0.07362
steps=1.000000  time=1.000000
残差= 0.00000    0.00000   -0.00000    0.00000    0.00002   -0.00000    -0.00001    0.00000
最终取值= 0.40198    0.68310   99.64939   1719.96351    0.80044   291.71106     0.43812    0.07355
steps=1.000000  time=1.000000
残差= 0.00000    0.00000   -0.00000    0.00001    0.00002    0.00000    -0.00001   -0.00000
最终取值= 0.40228    0.68406   99.65383   1721.23736    0.80041   291.72123     0.44126    0.07349
steps=1.000000  time=1.000000
残差= 0.00000    0.00000   -0.00001    0.00001    0.00005    0.00000    -0.00002   -0.00000
最终取值= 0.40257    0.68535   99.66073   1722.89623    0.80037   291.73019     0.44509    0.07345
steps=1.000000  time=1.000000
残差= 0.00000    0.00000   -0.00001    0.00001    0.00005    0.00000    -0.00002   -0.00000
最终取值= 0.40285    0.68672   99.66779   1724.71406    0.80033   291.74121     0.44933    0.07342
steps=1.000000  time=1.000000
残差=-0.00000    0.00001    0.00003   -0.00010   -0.00029   -0.00000     0.00003    0.00000
最终取值= 0.40273    0.70098   99.78635   1743.96612    0.79984   291.76028     0.48593    0.07394
steps=1.000000  time=1.000000
残差= 0.00008   -0.00003   -0.00004   -0.00073    0.00015   -0.00004    -0.00128   -0.00004
最终取值= 0.39245    0.70455   100.59561   1773.74561    0.79995   291.93620     0.52117    0.07421
steps=1.000000  time=1.000000
残差= 0.00020    0.00003    0.00006   -0.00015    0.00126   -0.00010    -0.00215   -0.00008
最终取值= 0.38166    0.70885   101.29572   1799.61879    0.79999   292.04863     0.55871    0.07449
steps=2.000000  time=2.000000
残差= 0.00000    0.00002   -0.00001    0.00014    0.00034   -0.00000    -0.00020    0.00000
最终取值= 0.36975    0.71194   101.90615   1821.29296    0.80001   292.11107     0.61142    0.07475
steps=2.000000  time=2.000000
残差= 0.00000   -0.00001    0.00001   -0.00000   -0.00005    0.00000     0.00006    0.00000
最终取值= 0.35711    0.71521   102.56179   1844.90048    0.80007   292.21022     0.67357    0.07501
steps=2.000000  time=2.000000
残差=-0.00000    0.00000    0.00000    0.00001   -0.00004    0.00000     0.00002   -0.00000
最终取值= 0.34445    0.71856   103.24115   1870.61083    0.80011   292.32154     0.72058    0.07529
steps=1.000000  time=1.000000
残差= 0.00088   -0.00008    0.00085   -0.00061    0.00004   -0.00010    -0.00050   -0.00022
最终取值= 0.33219    0.72409   103.90553   1897.02058    0.80017   292.47268     0.75743    0.07557
steps=1.000000  time=1.000000
残差= 0.00000    0.00000    0.00002   -0.00000   -0.00012   -0.00000     0.00002    0.00000
最终取值= 0.40128    0.70148   99.90131   1748.29319    0.79985   291.77929     0.49180    0.07399
steps=1.000000  time=1.000000
残差=-0.00023    0.00018   -0.00023   -0.00055    0.00005   -0.00002    -0.00033   -0.00004
最终取值= 0.41090    0.70236   99.17821   1726.34292    0.79966   291.68963     0.46609    0.07371
steps=1.000000  time=1.000000
残差=-0.00023    0.00028   -0.00032   -0.00020    0.00102   -0.00001    -0.00068   -0.00004
最终取值= 0.41918    0.70326   98.50141   1705.33087    0.79951   291.58592     0.44022    0.07348
steps=1.000000  time=1.000000
残差=-0.00015    0.00044   -0.00039    0.00045    0.00273   -0.00004    -0.00161   -0.00008
最终取值= 0.42996    0.70368   97.92680   1686.96044    0.79941   291.49813     0.41048    0.07316
steps=1.000000  time=1.000000
残差=-0.00008    0.00037   -0.00030    0.00041    0.00230   -0.00011    -0.00159   -0.00012
最终取值= 0.44978    0.70524   97.50905   1674.68891    0.79931   291.44091     0.38833    0.07289
steps=1.000000  time=1.000000
残差=-0.00006    0.00013   -0.00010   -0.00009    0.00037   -0.00010    -0.00039   -0.00011
最终取值= 0.47261    0.70797   97.21331   1667.67281    0.79919   291.41120     0.37785    0.07262
steps=1.000000  time=1.000000
残差=-0.00001    0.00006   -0.00003   -0.00000    0.00035   -0.00007    -0.00019   -0.00007
最终取值= 0.49273    0.71056   97.02456   1663.94625    0.79909   291.39704     0.37008    0.07241
steps=2.000000  time=2.000000
残差= 0.00000    0.00000   -0.00000    0.00000    0.00001   -0.00000    -0.00001   -0.00000
最终取值= 0.50619    0.71246   96.92678   1662.51202    0.79902   291.38423     0.36555    0.07228
steps=1.000000  time=1.000000
残差= 0.00001    0.00001    0.00001   -0.00000   -0.00000   -0.00000    -0.00002   -0.00000
最终取值= 0.51080    0.71233   96.89407   1660.97319    0.79903   291.37569     0.36069    0.07229
steps=1.000000  time=1.000000
残差= 0.00000    0.00000    0.00002   -0.00000   -0.00012   -0.00000     0.00002    0.00000
最终取值= 0.40128    0.70148   99.90131   1748.29319    0.79985   291.77929     0.49180    0.07399
steps=1.000000  time=1.000000
残差= 0.00023    0.00019    0.00003   -0.00045    0.00141   -0.00005    -0.00121   -0.00004
最终取值= 0.39083    0.70334   100.68297   1774.66823    0.80001   291.95541     0.52316    0.07421
steps=1.000000  time=1.000000
残差= 0.00019   -0.00001    0.00007   -0.00017    0.00142   -0.00013    -0.00230   -0.00011
最终取值= 0.37833    0.70466   101.43006   1799.17932    0.80016   292.06646     0.55888    0.07446
steps=2.000000  time=2.000000
残差= 0.00000    0.00003   -0.00002    0.00021    0.00052   -0.00001    -0.00029    0.00000
最终取值= 0.36283    0.70540   102.13203   1820.73214    0.80028   292.13279     0.61865    0.07467
steps=2.000000  time=2.000000
残差= 0.00000   -0.00002    0.00001   -0.00002   -0.00012    0.00000     0.00009   -0.00000
最终取值= 0.34495    0.70479   102.97501   1846.48505    0.80049   292.25573     0.68790    0.07493
steps=1.000000  time=1.000000
残差=-0.00000   -0.00000   -0.00001    0.00005    0.00004    0.00000    -0.00001    0.00000
最终取值= 0.39924    0.70140   100.05401   1753.13321    0.79989   291.80163     0.49745    0.07405
steps=1.000000  time=1.000000
残差=-0.00006    0.00005    0.00001   -0.00011    0.00001   -0.00001     0.00010   -0.00001
最终取值= 0.39323    0.70037   99.56174   1735.52931    0.79996   291.91522     0.51622    0.07417
steps=1.000000  time=1.000000
残差= 0.00004    0.00001   -0.00004   -0.00002    0.00017   -0.00003    -0.00009   -0.00002
最终取值= 0.38660    0.69946   99.03452   1716.41997    0.80008   292.00895     0.53518    0.07429
steps=2.000000  time=2.000000
残差=-0.00000    0.00000    0.00000    0.00001   -0.00001    0.00000    -0.00000   -0.00000
最终取值= 0.37883    0.69695   98.44093   1693.64924    0.80020   292.07992     0.55400    0.07445
steps=1.000000  time=1.000000
残差= 0.00006    0.00014   -0.00009    0.00041    0.00142   -0.00008    -0.00068   -0.00006
最终取值= 0.37066    0.69566   97.81513   1670.71191    0.80031   292.15379     0.57753    0.07454
steps=1.000000  time=1.000000
残差= 0.00008    0.00023   -0.00015    0.00083    0.00263   -0.00012    -0.00127   -0.00010
最终取值= 0.36126    0.69313   97.17371   1646.39757    0.80044   292.21338     0.60331    0.07466
steps=2.000000  time=2.000000
残差= 0.00000   -0.00000   -0.00000    0.00001    0.00005    0.00000    -0.00002    0.00000
最终取值= 0.35146    0.69176   96.59300   1625.79441    0.80052   292.29943     0.64412    0.07472
steps=2.000000  time=2.000000
残差=-0.00000    0.00000    0.00000   -0.00001   -0.00007    0.00000     0.00004   -0.00000
最终取值= 0.34159    0.69021   96.03589   1606.22133    0.80062   292.39541     0.68218    0.07478
steps=2.000000  time=2.000000
残差=-0.00001    0.00000    0.00000   -0.00002   -0.00011    0.00000     0.00006   -0.00000
最终取值= 0.33054    0.68659   95.43665   1583.96162    0.80075   292.46755     0.70789    0.07491
steps=2.000000  time=2.000000
残差=-0.00000    0.00001   -0.00000   -0.00000   -0.00004   -0.00000     0.00002   -0.00000
最终取值= 0.31903    0.68160   94.80556   1560.32146    0.80090   292.53094     0.72516    0.07507
steps=1.000000  time=1.000000
残差= 0.00008    0.00013   -0.00007    0.00015    0.00085   -0.00013     0.00018   -0.00016
最终取值= 0.30928    0.67741   94.19732   1538.79451    0.80102   292.60071     0.73854    0.07521
steps=1.000000  time=1.000000
残差= 0.00007    0.00011   -0.00008    0.00023    0.00102   -0.00013     0.00005   -0.00014
最终取值= 0.30046    0.67361   93.61209   1519.05084    0.80109   292.65540     0.74745    0.07535
steps=1.000000  time=1.000000
残差= 0.00009    0.00012   -0.00009    0.00028    0.00111   -0.00014    -0.00000   -0.00016
最终取值= 0.29178    0.66789   93.01808   1497.72627    0.80119   292.67187     0.75162    0.07555
steps=1.000000  time=1.000000
残差= 0.00008    0.00011   -0.00008    0.00023    0.00090   -0.00012     0.00002   -0.00013
最终取值= 0.28342    0.66254   92.43753   1478.26920    0.80122   292.68387     0.76040    0.07570
steps=1.000000  time=1.000000
残差= 0.00007    0.00012   -0.00008    0.00027    0.00091   -0.00012     0.00001   -0.00014
最终取值= 0.27454    0.65591   91.85877   1458.83324    0.80125   292.67254     0.77254    0.07584
steps=1.000000  time=1.000000
残差= 0.00000    0.00000    0.00002   -0.00000   -0.00011   -0.00000     0.00002    0.00000
最终取值= 0.40131    0.70167   99.90273   1748.52990    0.79985   291.77910     0.49220    0.07399
steps=1.000000  time=1.000000
残差= 0.00005   -0.00004   -0.00005   -0.00061    0.00047   -0.00005    -0.00121   -0.00005
最终取值= 0.39078    0.70275   100.68735   1774.73481    0.80003   291.94681     0.52213    0.07421
steps=1.000000  time=1.000000
残差= 0.00047    0.00035    0.00018    0.00010    0.00290   -0.00013    -0.00239   -0.00009
最终取值= 0.37852    0.70568   101.42586   1799.19578    0.80013   292.07906     0.56035    0.07442
steps=2.000000  time=2.000000
残差= 0.00000    0.00002   -0.00002    0.00018    0.00046   -0.00001    -0.00026    0.00000
最终取值= 0.36277    0.70459   102.12484   1819.70023    0.80030   292.12959     0.61652    0.07466
steps=2.000000  time=2.000000
残差= 0.00000   -0.00002    0.00001   -0.00002   -0.00012    0.00001     0.00010   -0.00000
最终取值= 0.34483    0.70373   102.96227   1844.90779    0.80052   292.24818     0.68530    0.07491
steps=1.000000  time=1.000000
残差= 0.00000    0.00000    0.00002   -0.00000   -0.00011   -0.00000     0.00002    0.00000
最终取值= 0.40131    0.70167   99.90273   1748.52990    0.79985   291.77910     0.49220    0.07399
steps=1.000000  time=1.000000
残差=-0.00024    0.00018   -0.00025   -0.00053    0.00009   -0.00003    -0.00033   -0.00005
最终取值= 0.41121    0.70383   99.18553   1728.14061    0.79961   291.69734     0.47051    0.07366
steps=1.000000  time=1.000000
残差=-0.00023    0.00028   -0.00031   -0.00022    0.00095   -0.00001    -0.00068   -0.00005
最终取值= 0.41919    0.70370   98.50402   1705.89579    0.79949   291.58615     0.44149    0.07349
steps=1.000000  time=1.000000
残差=-0.00015    0.00042   -0.00037    0.00039    0.00253   -0.00004    -0.00152   -0.00008
最终取值= 0.42998    0.70418   97.92898   1687.61413    0.79939   291.49794     0.41229    0.07318
steps=1.000000  time=1.000000
残差=-0.00009    0.00028   -0.00024    0.00013    0.00140   -0.00010    -0.00106   -0.00011
最终取值= 0.45003    0.70680   97.51243   1676.60169    0.79925   291.44599     0.39460    0.07285
steps=1.000000  time=1.000000
残差=-0.00004    0.00019   -0.00014    0.00009    0.00094   -0.00011    -0.00077   -0.00011
最终取值= 0.47262    0.70867   97.21711   1668.63168    0.79916   291.41226     0.37912    0.07264
steps=1.000000  time=1.000000
残差=-0.00002    0.00006   -0.00003   -0.00000    0.00029   -0.00007    -0.00018   -0.00007
最终取值= 0.49274    0.71115   97.02706   1664.81781    0.79907   291.39692     0.37202    0.07243
steps=1.000000  time=1.000000
残差= 0.00001    0.00002    0.00000    0.00002    0.00017   -0.00003    -0.00007   -0.00003
最终取值= 0.50628    0.71302   96.92835   1663.33725    0.79900   291.38749     0.36743    0.07230
steps=1.000000  time=1.000000
残差= 0.00000    0.00000    0.00001    0.00000   -0.00000   -0.00000    -0.00000   -0.00000
最终取值= 0.51101    0.71369   96.89847   1662.99296    0.79898   291.38366     0.36592    0.07225
steps=1.000000  time=1.000000
残差=-0.00000    0.00001    0.00003   -0.00009   -0.00026   -0.00000     0.00002   -0.00000
最终取值= 0.40279    0.70133   99.78862   1744.41071    0.79983   291.76093     0.48678    0.07393
steps=1.000000  time=1.000000
残差= 0.00027    0.00024    0.00004   -0.00047    0.00139   -0.00004    -0.00124   -0.00005
最终取值= 0.39244    0.70456   100.58650   1772.85453    0.79995   291.93901     0.52097    0.07421
steps=1.000000  time=1.000000
残差= 0.00020    0.00004    0.00005   -0.00015    0.00110   -0.00010    -0.00206   -0.00008
最终取值= 0.38158    0.70797   101.29048   1798.57099    0.80001   292.04311     0.55700    0.07448
steps=2.000000  time=2.000000
残差= 0.00000    0.00002   -0.00001    0.00014    0.00036   -0.00000    -0.00021    0.00000
最终取值= 0.36990    0.71175   101.90406   1820.95407    0.80001   292.11258     0.61089    0.07470
steps=2.000000  time=2.000000
残差= 0.00000   -0.00001    0.00001   -0.00000   -0.00004    0.00000     0.00005    0.00000
最终取值= 0.35724    0.71453   102.55290   1843.85268    0.80009   292.21078     0.67187    0.07495
steps=2.000000  time=2.000000
残差=-0.00000    0.00000    0.00000    0.00001   -0.00004    0.00000     0.00002   -0.00000
最终取值= 0.34453    0.71749   103.22743   1868.88551    0.80014   292.31791     0.71852    0.07522
steps=1.000000  time=1.000000
残差= 0.00083   -0.00013    0.00084   -0.00063   -0.00016   -0.00011    -0.00046   -0.00023
最终取值= 0.33207    0.72219   103.87994   1893.99608    0.80022   292.46129     0.75428    0.07552
steps=1.000000  time=1.000000
残差=-0.00000    0.00001    0.00003   -0.00009   -0.00026   -0.00000     0.00002   -0.00000
最终取值= 0.40279    0.70133   99.78862   1744.41071    0.79983   291.76093     0.48678    0.07393
steps=1.000000  time=1.000000
残差= 0.00001    0.00002    0.00002   -0.00002   -0.00013    0.00000     0.00002    0.00000
最终取值= 0.40254    0.69536   99.73067   1736.03176    0.80002   291.73815     0.47068    0.07385
steps=1.000000  time=1.000000
残差= 0.00000    0.00001    0.00000    0.00001    0.00000    0.00000    -0.00002   -0.00000
最终取值= 0.40243    0.69178   99.70529   1731.28947    0.80014   291.73314     0.46146    0.07374
steps=1.000000  time=1.000000
残差= 0.00001    0.00002   -0.00000    0.00004    0.00008    0.00000    -0.00005   -0.00000
最终取值= 0.40207    0.68798   99.68240   1726.38544    0.80027   291.71784     0.45096    0.07371
steps=1.000000  time=1.000000
残差= 0.00000    0.00001   -0.00000    0.00002    0.00007    0.00000    -0.00003   -0.00000
最终取值= 0.40185    0.68531   99.66588   1723.03637    0.80036   291.71137     0.44394    0.07368
steps=0.000000  time=0.000000
残差=-0.00000    0.00017   -0.00014    0.00035    0.00071    0.00000    -0.00034    0.00123
最终取值= 0.40185    0.68531   99.66588   1723.03637    0.80036   291.71137     0.44394    0.07368
steps=1.000000  time=1.000000
残差= 0.00000    0.00000   -0.00000    0.00000    0.00003   -0.00000    -0.00001   -0.00000
最终取值= 0.40241    0.68619   99.66837   1724.01194    0.80034   291.72498     0.44687    0.07353
steps=1.000000  time=1.000000
残差= 0.00000    0.00000   -0.00000    0.00000    0.00003    0.00000    -0.00001    0.00000
最终取值= 0.40269    0.68720   99.67346   1725.29244    0.80031   291.73285     0.44991    0.07348
steps=1.000000  time=1.000000
残差= 0.00000    0.00000   -0.00001    0.00001    0.00004    0.00000    -0.00001   -0.00000
最终取值= 0.40296    0.68838   99.67938   1726.83601    0.80027   291.74274     0.45354    0.07344
steps=1.000000  time=1.000000
残差= 0.00000    0.00000   -0.00001    0.00000    0.00003    0.00000    -0.00001   -0.00000
最终取值= 0.40321    0.68962   99.68515   1728.48716    0.80024   291.75468     0.45750    0.07341
steps=1.000000  time=1.000000
残差=-0.00000   -0.00000   -0.00001    0.00005    0.00004    0.00000    -0.00001    0.00000
最终取值= 0.39924    0.70140   100.05401   1753.13321    0.79989   291.80163     0.49745    0.07405
steps=1.000000  time=1.000000
残差=-0.00000   -0.00000   -0.00001    0.00005    0.00004    0.00000    -0.00001    0.00000
最终取值= 0.39924    0.70140   100.05401   1753.13321    0.79989   291.80163     0.49745    0.07405
steps=1.000000  time=1.000000
残差=-0.00000   -0.00000   -0.00001    0.00005    0.00004    0.00000    -0.00001    0.00000
最终取值= 0.39924    0.70140   100.05401   1753.13321    0.79989   291.80163     0.49745    0.07405
steps=1.000000  time=1.000000
残差=-0.00000   -0.00000   -0.00001    0.00005    0.00004    0.00000    -0.00001    0.00000
最终取值= 0.39924    0.70140   100.05401   1753.13321    0.79989   291.80163     0.49745    0.07405
steps=1.000000  time=1.000000
残差=-0.00006    0.00005    0.00001   -0.00011    0.00001   -0.00001     0.00010   -0.00001
最终取值= 0.39323    0.70037   99.56174   1735.52931    0.79996   291.91522     0.51622    0.07417
steps=1.000000  time=1.000000
残差= 0.00004    0.00001   -0.00004   -0.00002    0.00017   -0.00003    -0.00009   -0.00002
最终取值= 0.38660    0.69946   99.03452   1716.41997    0.80008   292.00895     0.53518    0.07429
steps=2.000000  time=2.000000
残差=-0.00000    0.00000    0.00000    0.00001   -0.00001    0.00000    -0.00000   -0.00000
最终取值= 0.37883    0.69695   98.44093   1693.64924    0.80020   292.07992     0.55400    0.07445
steps=1.000000  time=1.000000
残差= 0.00006    0.00014   -0.00009    0.00041    0.00142   -0.00008    -0.00068   -0.00006
最终取值= 0.37066    0.69566   97.81513   1670.71191    0.80031   292.15379     0.57753    0.07454
steps=1.000000  time=1.000000
残差= 0.00008    0.00023   -0.00015    0.00083    0.00263   -0.00012    -0.00127   -0.00010
最终取值= 0.36126    0.69313   97.17371   1646.39757    0.80044   292.21338     0.60331    0.07466
steps=2.000000  time=2.000000
残差= 0.00000   -0.00000   -0.00000    0.00001    0.00005    0.00000    -0.00002    0.00000
最终取值= 0.35146    0.69176   96.59300   1625.79441    0.80052   292.29943     0.64412    0.07472
steps=2.000000  time=2.000000
残差=-0.00000    0.00000    0.00000   -0.00001   -0.00007    0.00000     0.00004   -0.00000
最终取值= 0.34159    0.69021   96.03589   1606.22133    0.80062   292.39541     0.68218    0.07478
steps=2.000000  time=2.000000
残差=-0.00001    0.00000    0.00000   -0.00002   -0.00011    0.00000     0.00006   -0.00000
最终取值= 0.33054    0.68659   95.43665   1583.96162    0.80075   292.46755     0.70789    0.07491
steps=2.000000  time=2.000000
残差=-0.00000    0.00001   -0.00000   -0.00000   -0.00004   -0.00000     0.00002   -0.00000
最终取值= 0.31903    0.68160   94.80556   1560.32146    0.80090   292.53094     0.72516    0.07507
steps=1.000000  time=1.000000
残差= 0.00008    0.00013   -0.00007    0.00015    0.00085   -0.00013     0.00018   -0.00016
最终取值= 0.30928    0.67741   94.19732   1538.79451    0.80102   292.60071     0.73854    0.07521
steps=1.000000  time=1.000000
残差= 0.00007    0.00011   -0.00008    0.00023    0.00102   -0.00013     0.00005   -0.00014
最终取值= 0.30046    0.67361   93.61209   1519.05084    0.80109   292.65540     0.74745    0.07535
steps=1.000000  time=1.000000
残差= 0.00009    0.00012   -0.00009    0.00028    0.00111   -0.00014    -0.00000   -0.00016
最终取值= 0.29178    0.66789   93.01808   1497.72627    0.80119   292.67187     0.75162    0.07555
steps=1.000000  time=1.000000
残差= 0.00008    0.00011   -0.00008    0.00023    0.00090   -0.00012     0.00002   -0.00013
最终取值= 0.28342    0.66254   92.43753   1478.26920    0.80122   292.68387     0.76040    0.07570
steps=1.000000  time=1.000000
残差= 0.00007    0.00012   -0.00008    0.00027    0.00091   -0.00012     0.00001   -0.00014
最终取值= 0.27454    0.65591   91.85877   1458.83324    0.80125   292.67254     0.77254    0.07584
steps=1.000000  time=1.000000
残差=-0.00000   -0.00000   -0.00001    0.00005    0.00004    0.00000    -0.00001    0.00000
最终取值= 0.39924    0.70140   100.05401   1753.13321    0.79989   291.80163     0.49745    0.07405
steps=1.000000  time=1.000000
残差=-0.00006    0.00005    0.00001   -0.00011    0.00001   -0.00001     0.00010   -0.00001
最终取值= 0.39323    0.70037   99.56174   1735.52931    0.79996   291.91522     0.51622    0.07417
steps=1.000000  time=1.000000
残差= 0.00004    0.00001   -0.00004   -0.00002    0.00017   -0.00003    -0.00009   -0.00002
最终取值= 0.38660    0.69946   99.03452   1716.41997    0.80008   292.00895     0.53518    0.07429
steps=2.000000  time=2.000000
残差=-0.00000    0.00000    0.00000    0.00001   -0.00001    0.00000    -0.00000   -0.00000
最终取值= 0.37883    0.69695   98.44093   1693.64924    0.80020   292.07992     0.55400    0.07445
steps=1.000000  time=1.000000
残差= 0.00006    0.00014   -0.00009    0.00041    0.00142   -0.00008    -0.00068   -0.00006
最终取值= 0.37066    0.69566   97.81513   1670.71191    0.80031   292.15379     0.57753    0.07454
steps=1.000000  time=1.000000
残差= 0.00008    0.00023   -0.00015    0.00083    0.00263   -0.00012    -0.00127   -0.00010
最终取值= 0.36126    0.69313   97.17371   1646.39757    0.80044   292.21338     0.60331    0.07466
steps=2.000000  time=2.000000
残差= 0.00000   -0.00000   -0.00000    0.00001    0.00005    0.00000    -0.00002    0.00000
最终取值= 0.35146    0.69176   96.59300   1625.79441    0.80052   292.29943     0.64412    0.07472
steps=2.000000  time=2.000000
残差=-0.00000    0.00000    0.00000   -0.00001   -0.00007    0.00000     0.00004   -0.00000
最终取值= 0.34159    0.69021   96.03589   1606.22133    0.80062   292.39541     0.68218    0.07478
steps=2.000000  time=2.000000
残差=-0.00001    0.00000    0.00000   -0.00002   -0.00011    0.00000     0.00006   -0.00000
最终取值= 0.33054    0.68659   95.43665   1583.96162    0.80075   292.46755     0.70789    0.07491
steps=2.000000  time=2.000000
残差=-0.00000    0.00001   -0.00000   -0.00000   -0.00004   -0.00000     0.00002   -0.00000
最终取值= 0.31903    0.68160   94.80556   1560.32146    0.80090   292.53094     0.72516    0.07507
steps=1.000000  time=1.000000
残差= 0.00008    0.00013   -0.00007    0.00015    0.00085   -0.00013     0.00018   -0.00016
最终取值= 0.30928    0.67741   94.19732   1538.79451    0.80102   292.60071     0.73854    0.07521
steps=1.000000  time=1.000000
残差= 0.00007    0.00011   -0.00008    0.00023    0.00102   -0.00013     0.00005   -0.00014
最终取值= 0.30046    0.67361   93.61209   1519.05084    0.80109   292.65540     0.74745    0.07535
steps=1.000000  time=1.000000
残差= 0.00009    0.00012   -0.00009    0.00028    0.00111   -0.00014    -0.00000   -0.00016
最终取值= 0.29178    0.66789   93.01808   1497.72627    0.80119   292.67187     0.75162    0.07555
steps=1.000000  time=1.000000
残差= 0.00008    0.00011   -0.00008    0.00023    0.00090   -0.00012     0.00002   -0.00013
最终取值= 0.28342    0.66254   92.43753   1478.26920    0.80122   292.68387     0.76040    0.07570
steps=1.000000  time=1.000000
残差= 0.00007    0.00012   -0.00008    0.00027    0.00091   -0.00012     0.00001   -0.00014
最终取值= 0.27454    0.65591   91.85877   1458.83324    0.80125   292.67254     0.77254    0.07584
steps=1.000000  time=1.000000
残差=-0.00000   -0.00000   -0.00001    0.00005    0.00004    0.00000    -0.00001    0.00000
最终取值= 0.39924    0.70140   100.05401   1753.13321    0.79989   291.80163     0.49745    0.07405
steps=0.000000  time=0.000000
残差=-0.00000    0.00014   -0.00009    0.00023    0.00079    0.00000    -0.00020    0.00000
最终取值= 0.40128    0.70148   99.90131   1748.29319    0.79985   291.77929     0.49180    0.07399
steps=1.000000  time=1.000000
残差=-0.00024    0.00018   -0.00025   -0.00053    0.00011   -0.00003    -0.00034   -0.00005
最终取值= 0.41122    0.70382   99.18542   1728.13470    0.79961   291.69724     0.47050    0.07366
steps=1.000000  time=1.000000
残差=-0.00023    0.00028   -0.00031   -0.00022    0.00095   -0.00001    -0.00068   -0.00005
最终取值= 0.41919    0.70370   98.50402   1705.89577    0.79949   291.58615     0.44149    0.07349
steps=1.000000  time=1.000000
残差=-0.00015    0.00042   -0.00037    0.00039    0.00253   -0.00004    -0.00152   -0.00008
最终取值= 0.42998    0.70418   97.92898   1687.61413    0.79939   291.49794     0.41229    0.07318
steps=1.000000  time=1.000000
残差=-0.00009    0.00028   -0.00024    0.00013    0.00140   -0.00010    -0.00106   -0.00011
最终取值= 0.45003    0.70680   97.51243   1676.60169    0.79925   291.44599     0.39460    0.07285
steps=1.000000  time=1.000000
残差=-0.00004    0.00019   -0.00014    0.00009    0.00094   -0.00011    -0.00077   -0.00011
最终取值= 0.47262    0.70867   97.21711   1668.63168    0.79916   291.41226     0.37912    0.07264
steps=1.000000  time=1.000000
残差=-0.00002    0.00006   -0.00003   -0.00000    0.00029   -0.00007    -0.00018   -0.00007
最终取值= 0.49274    0.71115   97.02706   1664.81781    0.79907   291.39692     0.37202    0.07243
steps=1.000000  time=1.000000
残差= 0.00001    0.00002    0.00000    0.00002    0.00017   -0.00003    -0.00007   -0.00003
最终取值= 0.50628    0.71302   96.92835   1663.33725    0.79900   291.38749     0.36743    0.07230
steps=1.000000  time=1.000000
残差= 0.00000    0.00000    0.00001    0.00000   -0.00000   -0.00000    -0.00000   -0.00000
最终取值= 0.51101    0.71369   96.89847   1662.99296    0.79898   291.38366     0.36592    0.07225
steps=1.000000  time=1.000000
残差=-0.00000    0.00001    0.00003   -0.00009   -0.00026   -0.00000     0.00002   -0.00000
最终取值= 0.40279    0.70133   99.78862   1744.41071    0.79983   291.76093     0.48678    0.07393
steps=1.000000  time=1.000000
残差= 0.00027    0.00024    0.00004   -0.00047    0.00139   -0.00004    -0.00124   -0.00005
最终取值= 0.39244    0.70456   100.58650   1772.85453    0.79995   291.93901     0.52097    0.07421
steps=1.000000  time=1.000000
残差= 0.00020    0.00004    0.00005   -0.00015    0.00110   -0.00010    -0.00206   -0.00008
最终取值= 0.38158    0.70797   101.29048   1798.57099    0.80001   292.04311     0.55700    0.07448
steps=2.000000  time=2.000000
残差= 0.00000    0.00002   -0.00001    0.00014    0.00036   -0.00000    -0.00021    0.00000
最终取值= 0.36990    0.71175   101.90406   1820.95407    0.80001   292.11258     0.61089    0.07470
steps=2.000000  time=2.000000
残差= 0.00000   -0.00001    0.00001   -0.00000   -0.00004    0.00000     0.00005    0.00000
最终取值= 0.35724    0.71453   102.55290   1843.85268    0.80009   292.21078     0.67187    0.07495
steps=2.000000  time=2.000000
残差=-0.00000    0.00000    0.00000    0.00001   -0.00004    0.00000     0.00002   -0.00000
最终取值= 0.34453    0.71749   103.22743   1868.88551    0.80014   292.31791     0.71852    0.07522
steps=1.000000  time=1.000000
残差= 0.00083   -0.00013    0.00084   -0.00063   -0.00016   -0.00011    -0.00046   -0.00023
最终取值= 0.33207    0.72219   103.87994   1893.99608    0.80022   292.46129     0.75428    0.07552
steps=1.000000  time=1.000000
残差=-0.00000    0.00001    0.00003   -0.00009   -0.00026   -0.00000     0.00002   -0.00000
最终取值= 0.40279    0.70133   99.78862   1744.41071    0.79983   291.76093     0.48678    0.07393
steps=1.000000  time=1.000000
残差= 0.00001    0.00002    0.00002   -0.00002   -0.00013    0.00000     0.00002    0.00000
最终取值= 0.40254    0.69536   99.73067   1736.03176    0.80002   291.73815     0.47068    0.07385
steps=1.000000  time=1.000000
残差= 0.00000    0.00001    0.00000    0.00001    0.00000    0.00000    -0.00002   -0.00000
最终取值= 0.40243    0.69178   99.70529   1731.28947    0.80014   291.73314     0.46146    0.07374
steps=1.000000  time=1.000000
残差= 0.00001    0.00002   -0.00000    0.00004    0.00008    0.00000    -0.00005   -0.00000
最终取值= 0.40207    0.68798   99.68240   1726.38544    0.80027   291.71784     0.45096    0.07371
steps=1.000000  time=1.000000
残差= 0.00000    0.00001   -0.00000    0.00002    0.00007    0.00000    -0.00003   -0.00000
最终取值= 0.40185    0.68531   99.66588   1723.03637    0.80036   291.71137     0.44394    0.07368
steps=0.000000  time=0.000000
残差=-0.00000    0.00017   -0.00014    0.00035    0.00071    0.00000    -0.00034    0.00123
最终取值= 0.40185    0.68531   99.66588   1723.03637    0.80036   291.71137     0.44394    0.07368
steps=1.000000  time=1.000000
残差= 0.00000    0.00000    0.00002   -0.00000   -0.00011   -0.00000     0.00002    0.00000
最终取值= 0.40131    0.70167   99.90273   1748.52990    0.79985   291.77910     0.49220    0.07399
steps=1.000000  time=1.000000
残差= 0.00005   -0.00004   -0.00005   -0.00061    0.00047   -0.00005    -0.00121   -0.00005
最终取值= 0.39078    0.70275   100.68735   1774.73481    0.80003   291.94681     0.52213    0.07421
steps=1.000000  time=1.000000
残差= 0.00000   -0.00019    0.00015   -0.00031   -0.00113    0.00000     0.00032   -0.00016
最终取值= 0.39929    0.70152   100.05370   1753.28740    0.79989   291.80705     0.49811    0.07404
steps=1.000000  time=1.000000
残差= 0.00000   -0.00019    0.00015   -0.00031   -0.00113    0.00000     0.00032   -0.00016
最终取值= 0.39929    0.70152   100.05370   1753.28740    0.79989   291.80705     0.49811    0.07404
steps=2.000000  time=2.000000
残差=-0.00000    0.00000    0.00000    0.00001   -0.00001    0.00000     0.00000   -0.00000
最终取值= 0.39321    0.70039   99.55856   1735.33458    0.79998   291.91720     0.51611    0.07416
steps=1.000000  time=1.000000
残差= 0.00003   -0.00000   -0.00003   -0.00002    0.00025   -0.00003    -0.00016   -0.00001
最终取值= 0.38715    0.70151   99.03624   1718.45271    0.80003   292.03964     0.54025    0.07419
steps=1.000000  time=1.000000
残差= 0.00004    0.00006   -0.00007    0.00028    0.00107   -0.00005    -0.00061   -0.00003
最终取值= 0.38038    0.70277   98.46190   1699.61313    0.80006   292.14610     0.56674    0.07420
steps=1.000000  time=1.000000
残差= 0.00006    0.00016   -0.00012    0.00062    0.00201   -0.00008    -0.00107   -0.00007
最终取值= 0.37233    0.70196   97.84082   1677.13665    0.80015   292.22727     0.59299    0.07427
steps=2.000000  time=2.000000
残差= 0.00000    0.00000   -0.00000    0.00002    0.00005   -0.00000    -0.00003   -0.00000
最终取值= 0.36296    0.69959   97.22047   1653.67830    0.80026   292.29888     0.62593    0.07437
steps=1.000000  time=1.000000
残差= 0.00008    0.00016   -0.00010    0.00058    0.00198   -0.00009    -0.00063   -0.00011
最终取值= 0.35333    0.69634   96.61986   1630.37279    0.80043   292.37711     0.65781    0.07449
steps=1.000000  time=1.000000
残差= 0.00004   -0.00005    0.00002   -0.00037   -0.00075   -0.00005     0.00111   -0.00010
最终取值= 0.34341    0.69393   96.06051   1609.90852    0.80054   292.47127     0.69437    0.07457
steps=1.000000  time=1.000000
残差= 0.00006    0.00004   -0.00004   -0.00032   -0.00061   -0.00011     0.00084   -0.00015
最终取值= 0.33234    0.68923   95.44330   1586.07777    0.80071   292.53955     0.71529    0.07472
steps=1.000000  time=1.000000
残差= 0.00005    0.00008   -0.00007   -0.00005    0.00023   -0.00013     0.00044   -0.00016
最终取值= 0.32136    0.68545   94.82014   1563.73817    0.80082   292.61213     0.73364    0.07483
steps=1.000000  time=1.000000
残差= 0.00006    0.00010   -0.00010    0.00023    0.00096   -0.00015     0.00007   -0.00018
最终取值= 0.31075    0.68028   94.19370   1540.67597    0.80094   292.64887     0.74298    0.07500
steps=1.000000  time=1.000000
残差= 0.00004    0.00006   -0.00009    0.00020    0.00081   -0.00012     0.00004   -0.00014
最终取值= 0.30193    0.67658   93.60983   1520.93238    0.80099   292.69078     0.75137    0.07513
steps=1.000000  time=1.000000
残差= 0.00004    0.00005   -0.00009    0.00020    0.00076   -0.00012     0.00002   -0.00013
最终取值= 0.29401    0.67267   93.03692   1501.83797    0.80102   292.71314     0.75850    0.07527
steps=1.000000  time=1.000000
残差= 0.00004    0.00006   -0.00009    0.00020    0.00067   -0.00011     0.00002   -0.00012
最终取值= 0.28611    0.66769   92.45990   1482.65609    0.80104   292.71310     0.76725    0.07539
steps=1.000000  time=1.000000
残差= 0.00000    0.00001    0.00001    0.00002   -0.00006   -0.00000     0.00001   -0.00000
最终取值= 0.40148    0.70247   99.90551   1749.46103    0.79983   291.78945     0.49468    0.07397
steps=1.000000  time=1.000000
残差= 0.00004   -0.00002   -0.00006   -0.00052    0.00060   -0.00005    -0.00118   -0.00004
最终取值= 0.39102    0.70285   100.68703   1774.92959    0.80003   291.95008     0.52286    0.07414
steps=1.000000  time=1.000000
残差= 0.00020    0.00001    0.00007   -0.00014    0.00157   -0.00013    -0.00226   -0.00015
最终取值= 0.37890    0.70474   101.43073   1799.31113    0.80016   292.07142     0.55935    0.07428
steps=1.000000  time=1.000000
残差= 0.00000    0.00001    0.00001    0.00002   -0.00006   -0.00000     0.00001   -0.00000
最终取值= 0.40148    0.70247   99.90551   1749.46103    0.79983   291.78945     0.49468    0.07397
steps=1.000000  time=1.000000
残差= 0.00004   -0.00002   -0.00006   -0.00052    0.00060   -0.00005    -0.00118   -0.00004
最终取值= 0.39102    0.70285   100.68703   1774.92959    0.80003   291.95008     0.52286    0.07414
steps=1.000000  time=1.000000
残差= 0.00020    0.00001    0.00007   -0.00014    0.00157   -0.00013    -0.00226   -0.00015
最终取值= 0.37890    0.70474   101.43073   1799.31113    0.80016   292.07142     0.55935    0.07428
steps=1.000000  time=1.000000
残差= 0.00000    0.00001    0.00001    0.00002   -0.00006   -0.00000     0.00001   -0.00000
最终取值= 0.40148    0.70247   99.90551   1749.46103    0.79983   291.78945     0.49468    0.07397
steps=1.000000  time=1.000000
残差= 0.00004   -0.00002   -0.00006   -0.00052    0.00060   -0.00005    -0.00118   -0.00004
最终取值= 0.39102    0.70285   100.68703   1774.92959    0.80003   291.95008     0.52286    0.07414
steps=1.000000  time=1.000000
残差= 0.00020    0.00001    0.00007   -0.00014    0.00157   -0.00013    -0.00226   -0.00015
最终取值= 0.37890    0.70474   101.43073   1799.31113    0.80016   292.07142     0.55935    0.07428
