//Burner Performance: Etar
--------------------------
  2  0  15  15
  0.0
  4.912  9.823  14.735  19.646  24.558  29.470  34.381  39.293  44.207  73.674  100.000  200.000  300.000  500.000  800.000
  200.  300.  400.  500.  600.  700.  800.  900. 1000. 1100. 1200. 1400. 1700. 2100. 2600.

 .594  .750  .859  .916  .950  .978  .990  .990  .990  .990  .990  .990  .990  .990  .990
 .719  .817  .884  .927  .956  .981  .990  .990  .990  .990  .990  .990  .990  .990  .990
 .769  .849  .902  .937  .962  .982  .990  .990  .990  .990  .990  .990  .990  .990  .990
 .798  .866  .916  .945  .967  .984  .990  .990  .990  .990  .990  .990  .990  .990  .990
 .818  .879  .926  .953  .972  .985  .990  .990  .990  .990  .990  .990  .990  .990  .990
 .835  .889  .933  .959  .975  .987  .990  .990  .990  .990  .990  .990  .990  .990  .990
 .846  .897  .938  .964  .980  .988  .990  .990  .990  .990  .990  .990  .990  .990  .990
 .856  .903  .941  .967  .982  .989  .990  .990  .990  .990  .990  .990  .990  .990  .990
 .861  .905  .943  .968  .983  .989  .989  .990  .990  .990  .990  .990  .990  .990  .990
 .861  .906  .943  .969  .985  .989  .989  .990  .990  .990  .990  .990  .990  .990  .990
 .861  .906  .943  .969  .985  .989  .989  .990  .990  .990  .990  .990  .990  .990  .990
 .861  .906  .943  .969  .985  .989  .989  .990  .990  .990  .990  .990  .990  .990  .990
 .861  .906  .943  .969  .985  .989  .989  .990  .990  .990  .990  .990  .990  .990  .990
 .861  .906  .943  .969  .985  .989  .989  .990  .990  .990  .990  .990  .990  .990  .990
 .861  .906  .943  .969  .985  .989  .989  .990  .990  .990  .990  .990  .990  .990  .990