 //High Pressure Turbine Character: Eff ²¹³ä1.11×ªËÙÏß
 --------------------------------------
 2  0  8  10
 0.0
 0.750  0.800  0.850  0.900  0.950  1.000  1.050  1.110
 0.756  0.802  0.850  0.911  0.947  0.975  0.986  0.996  1.000  1.012

 0.877  0.882  0.885  0.884  0.883  0.880  0.876  0.873  0.871  0.867
 0.875  0.880  0.883  0.886  0.889  0.889  0.889  0.887  0.886  0.886
 0.868  0.873  0.879  0.887  0.895  0.900  0.901  0.901  0.900  0.900
 0.863  0.868  0.874  0.886  0.896  0.903  0.906  0.907  0.907  0.907
 0.856  0.863  0.870  0.883  0.896  0.905  0.909  0.911  0.913  0.913
 0.847  0.856  0.864  0.879  0.895  0.906  0.910  0.914  0.918  0.919
 0.840  0.849  0.858  0.874  0.893  0.906  0.911  0.917  0.920  0.922
 0.835  0.844  0.854  0.870  0.891  0.906  0.912  0.919  0.922  0.925  