 //High Pressure Turbine Character: DHT       ²¹³ä1.11×ªËÙÏß
 --------------------------------------
 2  0  8  10
 0.0
 0.750  0.800  0.850  0.900  0.950  1.000  1.050  1.110
 0.756  0.802  0.850  0.911  0.947  0.975  0.986  0.996  1.000  1.012

 17.835 20.734 23.632 30.289 34.395 38.611 41.273 43.881 45.989 48.873
 17.086 20.415 23.743 31.310 36.442 41.751 44.935 49.181 52.662 55.059
 15.866 19.721 23.577 32.234 38.367 44.793 48.771 54.302 59.100 60.606
 15.145 19.347 23.549 32.328 39.066 46.108 50.496 56.740 62.681 64.628
 14.562 18.931 23.300 32.178 39.451 47.273 52.160 59.203 66.864 70.453
 13.786 18.168 22.551 31.765 39.623 48.191 53.744 61.882 72.866 75.834
 12.926 17.391 21.857 31.091 39.540 48.871 55.042 64.897 79.828 81.826
 11.7   16.3   21.2   31.2   39.6   49.8   55.9   67.8   87.1   90.0 