//Low Pressure Turbine Character: DHT
 -------------------------------------
 2  0  12  11
 0.0
 0.500  0.600  0.650  0.70  0.7500  0.800  0.8500  0.900   0.950  1.000  1.050   1.10
 246.568  252.992  259.157  265.059 270.69  276.047  281.124  285.917  290.422  294.632 297.101
 
  8.100     8.576      9.085      9.587      10.128      10.666    11.239     11.824     12.446     13.099     13.547
  8.474     9.080      9.706     10.342      11.004      11.685    12.401     13.150     13.952     14.819     15.434       
  8.666     9.332     10.017     10.719      11.442      12.194    12.982     13.813     14.705     15.679     16.378       
  8.858     9.584     10.327     11.097      11.880      12.704    13.563     14.476     15.458     16.539     17.321       
  8.880     9.674     10.484     11.333      12.195      13.101    14.048     15.048     16.130     17.330     18.212       
  8.901     9.764     10.647     11.569      12.509      13.499    14.533     15.620     16.801     18.120     19.103       
  8.745     9.676     10.632     11.632      12.658      13.742    14.883     16.094     17.419     18.912     20.050       
  8.588     9.589     10.617     11.695      12.806      13.986    15.233     16.569     18.036     19.705     20.997       
  8.237     9.307     10.413     11.573      12.772      14.051    15.412     16.883     18.523     20.441     22.066       
  7.886     9.025     10.210     11.451      12.738      14.116    15.591     17.197     19.010     21.177     23.136       
  7.320     8.535     9.798      11.124      12.501      13.983    15.577     17.328     19.331     21.819     24.013       
  6.753     8.046     9.387      10.796      12.265      13.849    15.564     17.459     19.659     22.461     26.308