//Low Pressure Turbine Character: Eff
 -------------------------------------
 2  0  12  11
0.0
 0.500  0.600  0.650  0.70  0.7500  0.800  0.8500  0.900   0.950  1.000  1.050   1.10
 246.568  252.992  259.157  265.059 270.69  276.047  281.124  285.917  290.422  294.632 297.101

  0.9010   0.8965       0.8898     0.8820        0.8735  0.8634    0.8524	0.8408    0.8286  0.8157   0.8071
  0.9029   0.9015	0.8987 	   0.8951	 0.8906	 0.8850    0.8783	0.8707    0.8621  0.8523   0.8452																									  																				     																			        
  0.9038   0.9040	0.9031 	   0.9017	 0.8993	 0.8958    0.8913	0.8857    0.8788  0.8706   0.8643																																	  																				     																			        
  0.9048   0.9065	0.9076 	   0.9082	 0.9079	 0.9066    0.9042	0.9006    0.8956  0.8889   0.8833																																	  																				     																			        
  0.9015   0.9044	0.9067 	   0.9083	 0.9091	 0.9091    0.9083	0.9067    0.9039  0.8995   0.8952																																	  																				     																			        
  0.8981   0.9024	0.9024 	   0.9085	 0.9103	 0.9116    0.9124	0.9127    0.9121  0.9100   0.9070																																	  																				     																			        
  0.8903   0.8965	0.9015 	   0.9056	 0.9086	 0.9109    0.9126	0.9137    0.9140  0.9132   0.9117																																																					     																			        
  0.8826   0.8907	0.8972 	   0.9026	 0.9068	 0.9102    0.9128	0.9147    0.9159  0.9165   0.9164																																	 																				     																			        
  0.8699   0.8805	0.8891 	   0.8963	 0.9021	 0.9068    0.9107	0.9136    0.9158  0.9172   0.9169																																																					     																			        
  0.8572   0.8703	0.8810 	   0.8900	 0.8973	 0.9035    0.9085	0.9125    0.9156  0.9179   0.9176																																																					     																			        
  0.8378   0.8548	0.8684 	   0.8799	 0.8892	 0.8972    0.9038	0.9092    0.9136  0.9171   0.9133																																																					     																			        
  0.8183   0.8393	0.8559 	   0.8697	 0.8811	 0.8908    0.899 	0.9058    0.9115  0.9162   0.9048																																																				     																			        
 