残差=-0.00840   -0.03515    0.00937   -0.03931   -0.09974   -0.00557   -0.03562
最终取值= 0.09848    0.56160   87.26732   1319.95765    0.80077   291.57894    0.99782
残差=-0.00840   -0.03515    0.00937   -0.03931   -0.09974   -0.00557   -0.03562
最终取值= 0.09848    0.56160   87.26732   1319.95765    0.80077   291.57894    0.99782
残差=-0.00597   -0.02233    0.00505   -0.02493   -0.06163   -0.00444   -0.04785
最终取值= 0.09666    0.55507   87.19871   1306.04964    0.80064   291.25237    0.99139
残差=-0.00597   -0.02233    0.00505   -0.02493   -0.06163   -0.00444   -0.04785
最终取值= 0.09666    0.55507   87.19871   1306.04964    0.80064   291.25237    0.99139
残差=-0.00238   -0.00146   -0.00283   -0.00953   -0.01865   -0.00234   -0.04941
最终取值= 0.09385    0.54329   87.13245   1284.43450    0.80054   290.77033    0.99111
残差=-0.00238   -0.00146   -0.00283   -0.00953   -0.01865   -0.00234   -0.04941
最终取值= 0.09385    0.54329   87.13245   1284.43450    0.80054   290.77033    0.99111
残差=-0.00043    0.01152   -0.00839   -0.00481   -0.00347   -0.00100   -0.04255
最终取值= 0.09223    0.53545   87.13214   1272.20185    0.80054   290.51139    0.99443
残差=-0.00043    0.01152   -0.00839   -0.00481   -0.00347   -0.00100   -0.04255
最终取值= 0.09223    0.53545   87.13214   1272.20185    0.80054   290.51139    0.99443
残差=-0.00354   -0.01001    0.00094   -0.01989   -0.04798   -0.00364   -0.04873
最终取值= 0.09549    0.55145   87.22286   1296.68175    0.80051   291.02677    0.98882
残差=-0.00354   -0.01001    0.00094   -0.01989   -0.04798   -0.00364   -0.04873
最终取值= 0.09549    0.55145   87.22286   1296.68175    0.80051   291.02677    0.98882
残差=-0.00356   -0.00973    0.00073   -0.02024   -0.04869   -0.00365   -0.04922
最终取值= 0.09548    0.55130   87.23055   1296.73213    0.80052   291.02890    0.98809
残差=-0.00356   -0.00973    0.00073   -0.02024   -0.04869   -0.00365   -0.04922
最终取值= 0.09548    0.55130   87.23055   1296.73213    0.80052   291.02890    0.98809
残差= 0.00454    0.00417    0.00246    0.00162    0.02087   -0.00382   -0.01868
最终取值= 0.09848    0.56160   87.76732   1300.95765    0.80077   291.57894    0.99782
残差= 0.00454    0.00417    0.00246    0.00162    0.02087   -0.00382   -0.01868
最终取值= 0.09848    0.56160   87.76732   1300.95765    0.80077   291.57894    0.99782
残差=-0.00047    0.00699   -0.00532   -0.00414   -0.00459   -0.00046   -0.01608
最终取值= 0.09404    0.54619   87.75583   1296.44606    0.80077   291.12004    0.99688
残差=-0.00047    0.00699   -0.00532   -0.00414   -0.00459   -0.00046   -0.01608
最终取值= 0.09404    0.54619   87.75583   1296.44606    0.80077   291.12004    0.99688
残差=-0.00205    0.00960   -0.00733    0.00086    0.02287   -0.00222   -0.01830
最终取值= 0.09625    0.53864   87.76387   1293.54475    0.80078   291.34962    0.99516
残差=-0.00205    0.00960   -0.00733    0.00086    0.02287   -0.00222   -0.01830
最终取值= 0.09625    0.53864   87.76387   1293.54475    0.80078   291.34962    0.99516
MECHN1=   82.00
初始猜值= 0.09848    0.70408   90.38538   1433.99441    0.79837   290.36039    0.78649
MECHN1=   82.00
初始猜值= 0.09848    0.70408   90.38538   1433.99441    0.79837   290.36039    0.78649
残差=-0.00000    0.00000   -0.00000   -0.00011   -0.00026    0.00003    0.00002
最终取值= 0.17296    0.70259   90.51027   1422.76461    0.79824   290.22047    0.79687
MECHN1=   82.00
初始猜值= 0.24599    0.70408   90.38538   1433.99441    0.79837   290.36039    0.78649
残差= 0.00638    0.00005    0.00644   -0.00800   -0.02168   -0.00286   -0.00903
最终取值= 0.22928    0.72816   90.58625   1428.43705    0.79819   290.40389    0.77906
MECHN1=   82.00
初始猜值= 0.24559    0.70408   90.38538   1433.99441    0.79837   290.36039    0.78649
MECHN1=   82.00
初始猜值= 0.24559    0.70408   90.38538   1433.99441    0.79837   290.36039    0.78649
MECHN1=   82.00
初始猜值= 0.24559    0.70408   90.38538   1433.99441    0.79837   290.36039    0.78649
MECHN1=   82.00
初始猜值= 0.44559    0.70408   90.38538   1433.99441    0.79837   290.36039    0.78649
残差= 0.00017    0.00000    0.00015   -0.00363   -0.00904   -0.00234   -0.00018
最终取值= 0.23680    0.70319   90.50486   1422.64773    0.79824   290.22582    0.79664
MECHN1=   82.00
初始猜值= 0.44559    0.70408   90.58538   1433.99441    0.79837   290.36039    0.78649
MECHN1=   82.00
初始猜值= 0.24559    0.70408   90.58538   1433.99441    0.79837   290.36039    0.78649
MECHN1=   81.00
初始猜值= 0.24559    0.70408   90.58538   1433.99441    0.79837   290.36039    0.78649
残差= 0.00626   -0.00052    0.00698   -0.00379   -0.01393   -0.00468   -0.00984
最终取值= 0.24187    0.72339   90.00862   1411.22029    0.79792   290.02629    0.80101
MECHN1=   83.00
初始猜值= 0.24559    0.70408   90.58538   1433.99441    0.79837   290.36039    0.78649
残差= 0.00042   -0.00012    0.00044    0.00034    0.00099   -0.00008   -0.00070
最终取值= 0.23402    0.70615   90.92420   1435.53405    0.79839   290.41329    0.78350
MECHN1=   80.00
初始猜值= 0.24559    0.70408   90.58538   1433.99441    0.79837   290.36039    0.78649
残差= 0.00560   -0.00227    0.00835   -0.00469   -0.01861   -0.00672   -0.01366
最终取值= 0.24679    0.71850   89.50140   1397.61868    0.79764   289.73314    0.81315
MECHN1=   82.00
初始猜值= 0.24559    0.70408   90.58538   1433.99441    0.79837   290.36039    0.78649
MECHN1=   82.00
初始猜值= 0.24559    0.70408   90.58538   1433.99441    0.79837   290.36039    0.78649
MECHN1=   82.00
初始猜值= 0.24559    0.70408   90.58538   1433.99441    0.79837   290.36039    0.78649
MECHN1=   82.00
初始猜值= 0.24559    0.70408   90.58538   1433.99441    0.79837   290.36039    0.78649
MECHN1=   82.00
初始猜值= 0.24559    0.70408   90.58538   1433.99441    0.79837   290.36039    0.78649
MECHN1=   82.00
初始猜值= 0.24559    0.70408   90.58538   1433.99441    0.79837   290.36039    0.78649
MECHN1=   82.00
初始猜值= 0.24559    0.70408   90.58538   1433.99441    0.79837   290.36039    0.78649
MECHN1=   82.00
初始猜值= 0.24559    0.70408   90.58538   1433.99441    0.79837   290.36039    0.78649
MECHN1=   82.00
初始猜值= 0.24559    0.70408   90.58538   1433.99441    0.79837   290.36039    0.78649
MECHN1=   82.00
初始猜值= 0.24559    0.70408   90.58538   1433.99441    0.79837   290.36039    0.78649
MECHN1=   82.00
初始猜值= 0.24559    0.70408   90.58538   1433.99441    0.79837   290.36039    0.78649
MECHN1=   82.00
初始猜值= 0.24559    0.70408   90.58538   1433.99441    0.79837   290.36039    0.78649
MECHN1=   82.00
初始猜值= 0.24559    0.70408   90.58538   1433.99441    0.79837   290.36039    0.78649
MECHN1=   82.00
初始猜值= 0.24559    0.70408   90.58538   1433.99441    0.79837   290.36039    0.78649
MECHN1=   82.00
初始猜值= 0.24559    0.70408   90.58538   1433.99441    0.79837   290.36039    0.78649
MECHN1=   82.00
初始猜值= 0.24559    0.70408   90.58538   1433.99441    0.79837   290.36039    0.78649
MECHN1=   82.50
初始猜值= 0.24559    0.70408   90.58538   1433.99441    0.79837   290.36039    0.78649
残差= 0.00017    0.00001    0.00017   -0.00023   -0.00053    0.00010   -0.00024
最终取值= 0.19104    0.70518   90.77272   1430.90728    0.79833   290.36767    0.78695
MECHN1=   81.50
初始猜值= 0.24559    0.70408   90.58538   1433.99441    0.79837   290.36039    0.78649
残差= 0.00647   -0.00038    0.00701   -0.00310   -0.01144   -0.00372   -0.00997
最终取值= 0.23830    0.72596   90.24908   1418.51830    0.79802   290.17171    0.79264
MECHN1=   82.00
初始猜值= 0.24559    0.70408   90.58538   1433.99441    0.79837   290.36039    0.78649
MECHN1=   80.00
初始猜值= 0.24559    0.70408   90.58538   1433.99441    0.79837   290.36039    0.78649
残差= 0.00562   -0.00226    0.00835   -0.00469   -0.01861   -0.00672   -0.01363
最终取值= 0.24679    0.71854   89.50158   1397.61711    0.79764   289.73315    0.81319
MECHN1=   80.00
初始猜值= 0.09848    0.70408   90.38538   1433.99441    0.79837   290.36039    0.78649
残差=-0.00001    0.00000   -0.00001   -0.00029   -0.00066    0.00007    0.00004
最终取值= 0.13456    0.68734   89.37855   1387.43067    0.79778   289.44576    0.84625
MECHN1=   82.00
初始猜值= 0.09848    0.70408   90.38538   1433.99441    0.79837   290.36039    0.78649
残差=-0.00000    0.00000   -0.00000   -0.00011   -0.00026    0.00003    0.00002
最终取值= 0.17296    0.70259   90.51027   1422.76461    0.79824   290.22047    0.79687
MECHN1=   82.00
初始猜值= 0.09848    0.70408   90.38538   1433.99441    0.79837   290.36039    0.78649
残差=-0.00000    0.00000   -0.00000   -0.00011   -0.00026    0.00003    0.00002
最终取值= 0.17296    0.70259   90.51027   1422.76461    0.79824   290.22047    0.79687
MECHN1=   81.00
初始猜值= 0.17296    0.70259   90.51027   1422.76461    0.79824   290.22047    0.79687
残差=-0.00001    0.00001   -0.00002   -0.00062   -0.00145    0.00016    0.00007
最终取值= 0.14908    0.69646   89.94571   1405.24551    0.79802   289.86400    0.81963
MECHN1=   80.00
初始猜值= 0.14908    0.69646   89.94571   1405.24551    0.79802   289.86400    0.81963
残差= 0.00072    0.00005    0.00079    0.00050    0.00089    0.00018   -0.00138
最终取值= 0.13417    0.68987   89.35998   1387.21149    0.79774   289.43729    0.84539
MECHN1=   79.00
初始猜值= 0.13417    0.68987   89.35998   1387.21149    0.79774   289.43729    0.84539
残差= 0.00070    0.00005    0.00076   -0.00103   -0.00262    0.00053   -0.00079
最终取值= 0.12381    0.67779   88.80289   1369.51911    0.79747   288.95543    0.87709
MECHN1=   78.00
初始猜值= 0.12381    0.67779   88.80289   1369.51911    0.79747   288.95543    0.87709
残差= 0.00075   -0.00004    0.00091   -0.00017   -0.00088    0.00017    0.00048
最终取值= 0.11942    0.66332   88.24310   1351.74121    0.79717   288.39020    0.91286
MECHN1=   77.00
初始猜值= 0.11942    0.66332   88.24310   1351.74121    0.79717   288.39020    0.91286
残差=-0.00001    0.00000   -0.00001   -0.00001   -0.00003    0.00000    0.00002
最终取值= 0.11866    0.64217   87.60340   1330.77994    0.79683   287.66659    0.94318
MECHN1=   76.00
初始猜值= 0.11866    0.64217   87.60340   1330.77994    0.79683   287.66659    0.94318
残差=-0.00000    0.00001   -0.00000   -0.00001   -0.00005    0.00000    0.00003
最终取值= 0.12296    0.62060   86.85415   1306.54926    0.79638   286.75889    0.97066
MECHN1=   82.00
初始猜值= 0.09848    0.70408   90.38538   1433.99441    0.79837   290.36039    0.78649
残差=-0.00000    0.00000   -0.00000   -0.00011   -0.00026    0.00003    0.00002
最终取值= 0.17296    0.70259   90.51027   1422.76461    0.79824   290.22047    0.79687
MECHN1=   81.00
初始猜值= 0.17296    0.70259   90.51027   1422.76461    0.79824   290.22047    0.79687
残差=-0.00001    0.00001   -0.00002   -0.00062   -0.00145    0.00016    0.00007
最终取值= 0.14908    0.69646   89.94571   1405.24551    0.79802   289.86400    0.81963
MECHN1=   80.00
初始猜值= 0.14908    0.69646   89.94571   1405.24551    0.79802   289.86400    0.81963
残差= 0.00072    0.00005    0.00079    0.00050    0.00089    0.00018   -0.00138
最终取值= 0.13417    0.68987   89.35998   1387.21149    0.79774   289.43729    0.84539
MECHN1=   79.00
初始猜值= 0.13417    0.68987   89.35998   1387.21149    0.79774   289.43729    0.84539
残差= 0.00070    0.00005    0.00076   -0.00103   -0.00262    0.00053   -0.00079
最终取值= 0.12381    0.67779   88.80289   1369.51911    0.79747   288.95543    0.87709
MECHN1=   78.00
初始猜值= 0.12381    0.67779   88.80289   1369.51911    0.79747   288.95543    0.87709
残差= 0.00075   -0.00004    0.00091   -0.00017   -0.00088    0.00017    0.00048
最终取值= 0.11942    0.66332   88.24310   1351.74121    0.79717   288.39020    0.91286
MECHN1=   77.00
初始猜值= 0.11942    0.66332   88.24310   1351.74121    0.79717   288.39020    0.91286
残差=-0.00001    0.00000   -0.00001   -0.00001   -0.00003    0.00000    0.00002
最终取值= 0.11866    0.64217   87.60340   1330.77994    0.79683   287.66659    0.94318
MECHN1=   76.00
初始猜值= 0.11866    0.64217   87.60340   1330.77994    0.79683   287.66659    0.94318
残差=-0.00000    0.00001   -0.00000   -0.00001   -0.00005    0.00000    0.00003
最终取值= 0.12296    0.62060   86.85415   1306.54926    0.79638   286.75889    0.97066
MECHN1=   75.00
初始猜值= 0.12296    0.62060   86.85415   1306.54926    0.79638   286.75889    0.97066
残差= 0.00001    0.00001    0.00001   -0.00004   -0.00011    0.00001    0.00000
最终取值= 0.13437    0.59908   85.99435   1278.79894    0.79583   285.64050    0.99333
