100     312.64
99     306.32
98     299.08
97     284.98
96     339.48
95     318.11
94     355.18
100     312.64
99     306.32
98     299.08
97     284.98
96     337.21
95     303.46
94     280.83
100     313.38
99     306.58
98     299.10
97     313.57
96     332.22
100     313.38
99     306.58
98     299.10
97     313.57
96     336.47
100     311.25
99     304.45
98     298.52
97     289.91
96     281.84
95     260.13
94     262.91
93     254.53
100     311.25
99     364.08
98     327.32
97     401.90
100     311.25
99     331.93
98     298.79
97     289.90
96     281.83
95     275.67
94     302.30
93     254.83
92     246.97
91     240.40
90     250.96
89     229.49
88     264.04
87     295.91
100     309.80
99     279.45
100     309.80
99     279.04
98     298.37
97     291.29
96     283.01
95     283.26
94     272.53
93     315.18
92     246.47
100     311.25
99     349.01
100     313.39
99     306.97
98     298.95
97     302.97
96     284.43
95     304.78
100     313.39
99     305.73
98     305.37
100     313.39
99     305.73
100     313.39
99     305.73
98     305.37
100     313.39
99     306.97
98     298.95
97     306.07
96     282.15
95     273.60
94     264.66
93     252.84
92     250.13
91     255.90
90     235.12
100     313.39
99     306.97
98     298.95
97     306.07
96     282.15
95     273.60
94     264.66
93     252.84
92     250.13
91     255.90
90     235.12
89     234.06
88     231.15
87     229.61
86     240.31
100     313.39
99     305.73
98     305.37
97     293.66
96     287.96
95     271.65
94     263.74
93     254.19
92     251.55
91     239.64
90     248.85
100     313.39
99     306.97
98     298.95
100     313.39
99     306.97
98     298.95
97     306.08
96     282.15
95     273.60
94     264.66
93     252.84
100     313.39
99     306.97
98     298.95
100     313.39
99     306.97
98     298.95
100     313.39
99     306.97
98     298.95
97     306.07
96     282.15
95     273.60
94     264.66
93     252.84
92     250.13
91     255.90
90     235.12
89     234.06
88     231.15
100     313.39
99     306.97
98     298.95
97     306.07
96     282.15
95     273.60
94     264.66
93     252.84
92     250.13
100     313.33
99     305.91
98     299.38
97     299.77
96     281.61
95     273.18
94     264.43
93     287.34
92     253.17
100     313.33
99     305.91
98     299.38
97     299.77
96     281.61
95     273.18
94     264.43
93     287.34
92     253.17
100     313.39
99     306.97
98     298.95
97     306.07
96     282.15
95     273.60
94     264.66
93     252.84
92     250.12
91     255.90
90     235.12
89     234.06
88     231.15
87     229.61
86     240.31
85     210.26
84     206.04
100     312.61
99     306.39
98     299.06
97     290.36
96     281.53
95     271.98
94     262.60
93     255.38
92     246.93
91     239.34
90     233.83
89     230.01
88     226.28
87     220.92
86     215.79
85     210.48
84     205.84
100     312.61
99     306.39
98     299.06
97     290.36
96     281.53
95     271.98
94     262.60
93     255.38
92     246.93
91     239.34
90     233.83
89     230.01
88     226.28
87     220.92
86     215.79
85     210.48
84     205.84
100     312.61
99     306.39
98     299.06
97     290.36
96     281.53
95     271.98
94     262.60
93     255.38
92     246.93
91     239.34
90     233.83
89     230.01
88     226.28
87     220.92
86     215.79
85     210.48
84     205.84
100     312.61
99     306.39
98     299.06
97     290.36
96     281.53
95     271.98
94     262.60
93     255.38
92     246.93
91     239.34
90     233.83
89     230.01
88     226.28
87     220.92
86     215.79
85     210.48
84     205.84
83     201.54
82     196.68
81     192.52
80     188.71
79     185.14
78     198.17
77     176.52
76     169.84
75     161.54
100     312.61
99     306.39
98     299.06
97     290.36
96     281.53
95     271.98
94     262.60
93     255.38
92     246.93
91     239.34
90     233.83
89     230.01
88     226.28
87     220.92
86     215.79
85     210.48
84     205.84
83     201.54
82     196.68
81     192.52
80     188.71
79     185.14
78     180.77
77     176.26
100     312.61
100     312.61
99     306.39
98     299.06
97     290.36
96     281.53
95     271.98
94     262.60
93     255.38
92     246.93
91     239.34
90     233.83
89     230.01
88     226.28
87     220.92
86     215.79
85     210.48
84     205.84
83     201.54
82     196.68
81     192.52
80     188.71
79     185.14
78     198.17
77     174.70
76     201.83
75     168.96
100     312.61
99     306.39
98     299.06
97     290.36
96     281.53
95     271.98
94     262.60
93     255.38
92     246.93
91     239.34
90     233.83
89     230.01
88     226.28
87     220.92
86     215.79
85     210.48
