残差= 0.05720    0.00627    0.05439    0.20667    0.53994   -0.03008   -0.16611
最终取值= 0.18523    0.67923   86.76582   1270.95735    0.80079   291.57898    0.97147
残差= 0.07597    0.01625    0.06772    0.21061    0.54608   -0.02964   -0.16890
最终取值= 0.17125    0.72798   86.76419   1270.95684    0.80034   291.57905    0.97546
残差= 0.09406    0.03131    0.08095    0.21105    0.54391   -0.02813   -0.17066
最终取值= 0.15701    0.77605   86.76247   1270.95593    0.79888   291.57921    0.97975
残差= 0.10958    0.05333    0.09334    0.20719    0.53151   -0.02538   -0.17089
最终取值= 0.14344    0.82034   86.76073   1270.95440    0.79584   291.57952    0.98416
残差= 0.12064    0.08215    0.10388    0.19947    0.51000   -0.02172   -0.16947
最终取值= 0.13158    0.85777   86.75908   1270.95223    0.79112   291.58001    0.98841
残差= 0.12679    0.11533    0.11204    0.18943    0.48328   -0.01776   -0.16684
最终取值= 0.12196    0.88728   86.75759   1270.94964    0.78523   291.58062    0.99223
残差= 0.12909    0.15009    0.11803    0.17866    0.45516   -0.01394   -0.16363
最终取值= 0.11441    0.90999   86.75627   1270.94691    0.77890   291.58122    0.99552
残差= 0.12892    0.18472    0.12238    0.16806    0.42779   -0.01048   -0.16028
最终取值= 0.10847    0.92770   86.75510   1270.94424    0.77263   291.58182    0.99833
残差= 0.12740    0.21960    0.12453    0.16356    0.41790   -0.00800   -0.19313
最终取值= 0.10370    0.94191   86.75405   1270.94171    0.76667   291.58237    0.97597
残差= 0.12539    0.25230    0.12716    0.15379    0.39311   -0.00508   -0.19043
最终取值= 0.09956    0.95436   86.75308   1270.93935    0.76111   291.58287    0.97815
残差= 0.15102    0.18061    0.13360    0.14467    0.36735   -0.00248   -0.18783
最终取值= 0.09611    0.96478   86.75219   1270.93716    0.77492   291.58333    0.98006
残差= 0.14581    0.21342    0.13467    0.13582    0.34519   -0.00012   -0.18493
最终取值= 0.09315    0.97288   86.75149   1270.93461    0.76877   291.58387    0.98191
残差= 0.14070    0.24491    0.13543    0.12757    0.32462    0.00201   -0.18221
最终取值= 0.09061    0.97987   86.75084   1270.93227    0.76312   291.58436    0.98356
残差= 0.13576    0.27527    0.13594    0.11985    0.30546    0.00394   -0.17967
最终取值= 0.08840    0.98600   86.75022   1270.93011    0.75792   291.58478    0.98505
残差= 0.16977    0.16536    0.14237    0.11261    0.28341    0.00570   -0.17728
最终取值= 0.08644    0.99144   86.74963   1270.92811    0.77892   291.58517    0.98641
残差= 0.16265    0.19530    0.14217    0.10587    0.26691    0.00725   -0.17475
最终取值= 0.08477    0.99553   86.74919   1270.92569    0.77296   291.58565    0.98776
残差= 0.15596    0.22425    0.14189    0.09947    0.25131    0.00870   -0.17235
最终取值= 0.08325    0.99923   86.74875   1270.92344    0.76745   291.58609    0.98902
残差= 0.10525    0.23903    0.11187    0.07491    0.19968    0.01005   -0.14943
最终取值= 0.08187    0.91134   86.74832   1270.92134    0.76234   291.58648    0.99018
残差= 0.10146    0.25923    0.11182    0.07037    0.18878    0.01104   -0.14789
最终取值= 0.08087    0.91402   86.74802   1270.91990    0.75889   291.58674    0.99105
残差= 0.13331    0.14753    0.11721    0.06600    0.17400    0.01198   -0.14640
最终取值= 0.07994    0.91650   86.74772   1270.91854    0.78005   291.58698    0.99187
残差= 0.12808    0.16850    0.11686    0.06221    0.16507    0.01277   -0.14490
最终取值= 0.07917    0.91841   86.74750   1270.91681    0.77585   291.58730    0.99271
残差= 0.12311    0.18895    0.11650    0.05852    0.15639    0.01353   -0.14344
最终取值= 0.07843    0.92019   86.74729   1270.91517    0.77188   291.58759    0.99352
残差= 0.11837    0.20894    0.11613    0.05492    0.14796    0.01427   -0.14202
最终取值= 0.07773    0.92186   86.74707   1270.91362    0.76811   291.58787    0.99429
残差= 0.11386    0.22852    0.11574    0.05142    0.13976    0.01498   -0.14064
最终取值= 0.07707    0.92342   86.74685   1270.91214    0.76454   291.58813    0.99503
残差= 0.10956    0.24770    0.11535    0.04800    0.13180    0.01566   -0.13930
最终取值= 0.07643    0.92488   86.74663   1270.91073    0.76116   291.58838    0.99575
残差= 0.10546    0.26652    0.11495    0.04468    0.12407    0.01631   -0.13800
最终取值= 0.07582    0.92625   86.74641   1270.90940    0.75794   291.58861    0.99644
残差= 0.15445    0.09749    0.12247    0.04143    0.10990    0.01694   -0.13673
最终取值= 0.07524    0.92753   86.74618   1270.90812    0.79114   291.58882    0.99710
残差= 0.14847    0.11770    0.12186    0.03900    0.10448    0.01740   -0.13548
最终取值= 0.07483    0.92844   86.74606   1270.90633    0.78677   291.58914    0.99780
残差= 0.14275    0.13743    0.12124    0.03657    0.09907    0.01786   -0.13425
最终取值= 0.07442    0.92929   86.74592   1270.90463    0.78259   291.58944    0.99848
残差= 0.13728    0.15674    0.12063    0.03416    0.09369    0.01831   -0.13304
最终取值= 0.07402    0.93010   86.74578   1270.90299    0.77861   291.58973    0.99914
steps=31.000000  time=30.000000
残差= 0.14275    0.13743    0.12124    0.03657    0.09907    0.01786   -0.13425
最终取值= 0.07442    0.92929   86.74592   1270.90463    0.78259   291.58944    0.99848
残差= 0.07614    0.01393    0.06748    0.21070    0.54633   -0.02969   -0.16918
最终取值= 0.17198    0.72685   86.76433   1270.95704    0.80081   291.57901    0.97513
残差= 0.11397    0.04402    0.09461    0.20778    0.53261   -0.02540   -0.17221
最终取值= 0.14345    0.82332   86.76090   1270.95527    0.79801   291.57933    0.98367
残差= 0.13685    0.10326    0.11625    0.18734    0.47690   -0.01665   -0.16841
最终取值= 0.11959    0.89856   86.75767   1270.95082    0.78827   291.58035    0.99223
残差= 0.13851    0.17699    0.12703    0.16257    0.41271   -0.00850   -0.16095
最终取值= 0.10531    0.94077   86.75523   1270.94500    0.77461   291.58169    0.99868
残差= 0.13241    0.24975    0.12954    0.15117    0.38717   -0.00354   -0.22065
最终取值= 0.09678    0.96547   86.75334   1270.93976    0.76210   291.58282    0.95353
残差= 0.16086    0.18451    0.13824    0.13221    0.33604    0.00164   -0.21590
最终取值= 0.09040    0.98432   86.75171   1270.93534    0.77507   291.58376    0.95711
残差= 0.14835    0.24864    0.13885    0.11569    0.29523    0.00572   -0.21088
最终取值= 0.08581    0.99626   86.75058   1270.93041    0.76310   291.58479    0.96025
残差= 0.18182    0.02284    0.12605    0.08633    0.22139    0.00906   -0.18894
最终取值= 0.08229    0.93062   86.74955   1270.92625    0.80845   291.58561    0.96283
残差= 0.16708    0.07555    0.12535    0.07799    0.20165    0.01093   -0.18586
最终取值= 0.08042    0.93580   86.74922   1270.92150    0.79670   291.58657    0.96493
残差= 0.15364    0.12389    0.12449    0.06986    0.18253    0.01267   -0.18286
最终取值= 0.07871    0.94012   86.74885   1270.91723    0.78618   291.58740    0.96686
残差= 0.14151    0.16925    0.12355    0.06208    0.16431    0.01430   -0.17999
最终取值= 0.07716    0.94382   86.74845   1270.91339    0.77680   291.58810    0.96864
残差= 0.13058    0.21240    0.12256    0.05468    0.14709    0.01580   -0.17728
最终取值= 0.07576    0.94705   86.74803   1270.90995    0.76842   291.58873    0.97027
残差= 0.12072    0.25385    0.12155    0.04765    0.13082    0.01719   -0.17471
最终取值= 0.07449    0.94988   86.74760   1270.90685    0.76092   291.58927    0.97178
残差= 0.13804    0.19473    0.12473    0.04097    0.11195    0.01849   -0.17228
最终取值= 0.07332    0.95238   86.74717   1270.90405    0.77197   291.58975    0.97318
残差= 0.12768    0.23476    0.12348    0.03527    0.09911    0.01956   -0.16995
最终取值= 0.07238    0.95422   86.74682   1270.90095    0.76444   291.59027    0.97456
残差= 0.11825    0.27358    0.12224    0.02976    0.08674    0.02058   -0.16770
最终取值= 0.07149    0.95585   86.74647   1270.89812    0.75762   291.59075    0.97585
残差= 0.15212    0.15466    0.12771    0.02442    0.06901    0.02155   -0.16555
最终取值= 0.07066    0.95727   86.74610   1270.89555    0.78019   291.59117    0.97706
残差= 0.14095    0.19321    0.12624    0.02037    0.06037    0.02226   -0.16349
最终取值= 0.07005    0.95818   86.74585   1270.89235    0.77240   291.59171    0.97830
残差= 0.13069    0.23076    0.12480    0.01632    0.05174    0.02297   -0.16148
最终取值= 0.06947    0.95897   86.74558   1270.88941    0.76527   291.59220    0.97949
残差= 0.12125    0.26744    0.12339    0.01229    0.04315    0.02366   -0.15952
最终取值= 0.06889    0.95965   86.74530   1270.88670    0.75873   291.59263    0.98061
残差= 0.14004    0.19886    0.12643    0.00829    0.03064    0.02433   -0.15761
最终取值= 0.06834    0.96021   86.74501   1270.88421    0.77133   291.59303    0.98169
残差= 0.13006    0.23492    0.12494    0.00507    0.02410    0.02486   -0.15577
最终取值= 0.06791    0.96053   86.74477   1270.88139    0.76452   291.59348    0.98277
残差= 0.12082    0.27027    0.12347    0.00181    0.01744    0.02539   -0.15397
最终取值= 0.06748    0.96076   86.74452   1270.87879    0.75825   291.59389    0.98381
残差= 0.21929   -0.04524    0.13699   -0.00148   -0.00308    0.02592   -0.15219
最终取值= 0.06705    0.96091   86.74426   1270.87639    0.82487   291.59426    0.98480
残差= 0.20457   -0.00059    0.13524   -0.00202   -0.00284    0.02598   -0.15066
最终取值= 0.06702    0.96089   86.74419   1270.87234    0.81492   291.59493    0.98592
残差= 0.19067    0.04044    0.13354   -0.00292   -0.00353    0.02610   -0.14908
最终取值= 0.06694    0.96085   86.74410   1270.86852    0.80554   291.59556    0.98702
残差= 0.17763    0.07894    0.13187   -0.00412   -0.00497    0.02627   -0.14748
最终取值= 0.06682    0.96078   86.74398   1270.86492    0.79675   291.59614    0.98809
残差= 0.16541    0.11574    0.13023   -0.00556   -0.00704    0.02648   -0.14585
最终取值= 0.06666    0.96068   86.74385   1270.86155    0.78853   291.59668    0.98914
残差= 0.15399    0.15138    0.12862   -0.00721   -0.00965    0.02672   -0.14422
最终取值= 0.06648    0.96054   86.74369   1270.85840    0.78087   291.59718    0.99015
残差= 0.14334    0.18622    0.12704   -0.00903   -0.01270    0.02699   -0.14258
最终取值= 0.06628    0.96036   86.74352   1270.85546    0.77374   291.59765    0.99114
steps=31.000000  time=30.000000
残差= 0.15399    0.15138    0.12862   -0.00721   -0.00965    0.02672   -0.14422
最终取值= 0.06648    0.96054   86.74369   1270.85840    0.78087   291.59718    0.99015
残差=-0.00260    0.01086   -0.00832    0.00249    0.04094   -0.00340   -0.01460
最终取值= 0.09791    0.53354   87.76723   1290.95771    0.80098   291.57892    0.99801
残差=-0.00179    0.01048   -0.00782    0.00084    0.03669   -0.00302   -0.01427
最终取值= 0.09742    0.53524   87.76714   1290.95774    0.80111   291.57891    0.99819
残差=-0.00113    0.01038   -0.00739   -0.00064    0.03288   -0.00269   -0.01395
最终取值= 0.09697    0.53674   87.76707   1290.95774    0.80118   291.57890    0.99837
残差=-0.00061    0.01049   -0.00701   -0.00198    0.02945   -0.00239   -0.01364
最终取值= 0.09658    0.53805   87.76700   1290.95772    0.80120   291.57889    0.99854
残差=-0.00020    0.01077   -0.00669   -0.00320    0.02634   -0.00211   -0.01334
最终取值= 0.09623    0.53921   87.76693   1290.95769    0.80117   291.57889    0.99871
残差= 0.00011    0.01117   -0.00641   -0.00431    0.02352   -0.00187   -0.01305
最终取值= 0.09591    0.54023   87.76687   1290.95764    0.80111   291.57889    0.99888
残差= 0.00035    0.01168   -0.00618   -0.00533    0.02096   -0.00164   -0.01277
最终取值= 0.09563    0.54113   87.76681   1290.95759    0.80103   291.57890    0.99905
残差= 0.00053    0.01225   -0.00597   -0.00626    0.01862   -0.00144   -0.01249
最终取值= 0.09537    0.54192   87.76675   1290.95753    0.80093   291.57890    0.99921
残差= 0.00064    0.01288   -0.00580   -0.00711    0.01649   -0.00126   -0.01222
最终取值= 0.09514    0.54261   87.76670   1290.95746    0.80081   291.57891    0.99937
残差= 0.00072    0.01353   -0.00565   -0.00790    0.01453   -0.00109   -0.01196
最终取值= 0.09493    0.54322   87.76664   1290.95740    0.80069   291.57891    0.99952
残差= 0.00075    0.01420   -0.00553   -0.00863    0.01273   -0.00093   -0.01170
最终取值= 0.09473    0.54374   87.76659   1290.95732    0.80056   291.57892    0.99967
残差= 0.00075    0.01488   -0.00542   -0.00930    0.01108   -0.00079   -0.01145
最终取值= 0.09456    0.54420   87.76654   1290.95725    0.80043   291.57893    0.99982
残差= 0.00073    0.01555   -0.00534   -0.00992    0.00956   -0.00066   -0.01120
最终取值= 0.09440    0.54459   87.76649   1290.95718    0.80029   291.57894    0.99997
残差= 0.00068    0.01874   -0.00702   -0.00060    0.03552   -0.00149   -0.06036
最终取值= 0.09425    0.54492   87.76644   1290.95711    0.80016   291.57894    0.95809
残差= 0.00085    0.02005   -0.00669   -0.00217    0.03159   -0.00115   -0.05974
最终取值= 0.09383    0.54620   87.76636   1290.95699    0.79991   291.57896    0.95859
残差= 0.00094    0.02141   -0.00642   -0.00362    0.02800   -0.00084   -0.05914
最终取值= 0.09345    0.54732   87.76629   1290.95686    0.79964   291.57897    0.95909
残差= 0.00095    0.02279   -0.00619   -0.00495    0.02471   -0.00055   -0.05854
最终取值= 0.09310    0.54828   87.76623   1290.95672    0.79937   291.57899    0.95958
残差= 0.00092    0.02416   -0.00599   -0.00618    0.02168   -0.00029   -0.05796
最终取值= 0.09279    0.54912   87.76616   1290.95659    0.79909   291.57900    0.96006
残差= 0.00084    0.02551   -0.00583   -0.00732    0.01889   -0.00005   -0.05738
最终取值= 0.09251    0.54983   87.76609   1290.95646    0.79882   291.57902    0.96054
残差= 0.00072    0.02682   -0.00570   -0.00838    0.01632    0.00017   -0.05682
最终取值= 0.09225    0.55044   87.76603   1290.95633    0.79855   291.57903    0.96100
残差= 0.00057    0.02809   -0.00560   -0.00937    0.01394    0.00038   -0.05626
最终取值= 0.09201    0.55095   87.76596   1290.95620    0.79828   291.57905    0.96146
残差= 0.00040    0.02931   -0.00552   -0.01028    0.01174    0.00056   -0.05571
最终取值= 0.09180    0.55138   87.76590   1290.95608    0.79803   291.57906    0.96192
残差= 0.00022    0.03046   -0.00546   -0.01114    0.00970    0.00073   -0.05517
最终取值= 0.09160    0.55172   87.76583   1290.95596    0.79779   291.57907    0.96236
残差= 0.00002    0.03155   -0.00542   -0.01193    0.00780    0.00089   -0.05463
最终取值= 0.09142    0.55200   87.76577   1290.95585    0.79756   291.57908    0.96281
残差=-0.00019    0.03257   -0.00540   -0.01267    0.00605    0.00104   -0.05410
最终取值= 0.09126    0.55220   87.76570   1290.95575    0.79734   291.57909    0.96324
残差=-0.00040    0.03352   -0.00539   -0.01337    0.00441    0.00117   -0.05358
最终取值= 0.09111    0.55235   87.76564   1290.95565    0.79713   291.57910    0.96367
残差=-0.00062    0.03439   -0.00539   -0.01402    0.00290    0.00129   -0.05306
最终取值= 0.09097    0.55244   87.76558   1290.95556    0.79694   291.57910    0.96409
残差=-0.00084    0.03520   -0.00541   -0.01462    0.00149    0.00141   -0.05255
最终取值= 0.09084    0.55248   87.76551   1290.95547    0.79677   291.57911    0.96451
残差=-0.00106    0.03592   -0.00544   -0.01519    0.00018    0.00151   -0.05204
最终取值= 0.09073    0.55248   87.76545   1290.95539    0.79661   291.57911    0.96492
残差=-0.00127    0.03658   -0.00548   -0.01572   -0.00104    0.00161   -0.05154
最终取值= 0.09063    0.55243   87.76539   1290.95531    0.79646   291.57911    0.96533
steps=31.000000  time=12.000000
残差= 0.00075    0.01420   -0.00553   -0.00863    0.01273   -0.00093   -0.01170
最终取值= 0.09473    0.54374   87.76659   1290.95732    0.80056   291.57892    0.99967
残差=-0.00260    0.01086   -0.00832    0.00249    0.04094   -0.00340   -0.01460
最终取值= 0.09791    0.53354   87.76723   1290.95771    0.80098   291.57892    0.99801
残差=-0.00179    0.01048   -0.00782    0.00084    0.03669   -0.00302   -0.01427
最终取值= 0.09742    0.53524   87.76714   1290.95774    0.80111   291.57891    0.99819
残差=-0.00113    0.01038   -0.00739   -0.00064    0.03288   -0.00269   -0.01395
最终取值= 0.09697    0.53674   87.76707   1290.95774    0.80118   291.57890    0.99837
残差=-0.00061    0.01049   -0.00701   -0.00198    0.02945   -0.00239   -0.01364
最终取值= 0.09658    0.53805   87.76700   1290.95772    0.80120   291.57889    0.99854
残差=-0.00020    0.01077   -0.00669   -0.00320    0.02634   -0.00211   -0.01334
最终取值= 0.09623    0.53921   87.76693   1290.95769    0.80117   291.57889    0.99871
残差= 0.00011    0.01117   -0.00641   -0.00431    0.02352   -0.00187   -0.01305
最终取值= 0.09591    0.54023   87.76687   1290.95764    0.80111   291.57889    0.99888
残差= 0.00035    0.01168   -0.00618   -0.00533    0.02096   -0.00164   -0.01277
最终取值= 0.09563    0.54113   87.76681   1290.95759    0.80103   291.57890    0.99905
残差= 0.00053    0.01225   -0.00597   -0.00626    0.01862   -0.00144   -0.01249
最终取值= 0.09537    0.54192   87.76675   1290.95753    0.80093   291.57890    0.99921
残差= 0.00064    0.01288   -0.00580   -0.00711    0.01649   -0.00126   -0.01222
最终取值= 0.09514    0.54261   87.76670   1290.95746    0.80081   291.57891    0.99937
残差= 0.00072    0.01353   -0.00565   -0.00790    0.01453   -0.00109   -0.01196
最终取值= 0.09493    0.54322   87.76664   1290.95740    0.80069   291.57891    0.99952
残差= 0.00075    0.01420   -0.00553   -0.00863    0.01273   -0.00093   -0.01170
最终取值= 0.09473    0.54374   87.76659   1290.95732    0.80056   291.57892    0.99967
残差= 0.00075    0.01488   -0.00542   -0.00930    0.01108   -0.00079   -0.01145
最终取值= 0.09456    0.54420   87.76654   1290.95725    0.80043   291.57893    0.99982
残差= 0.00073    0.01555   -0.00534   -0.00992    0.00956   -0.00066   -0.01120
最终取值= 0.09440    0.54459   87.76649   1290.95718    0.80029   291.57894    0.99997
残差= 0.00070    0.01743   -0.00609   -0.00449    0.02455   -0.00108   -0.03885
最终取值= 0.09425    0.54492   87.76644   1290.95711    0.80016   291.57894    0.97819
残差= 0.00074    0.01862   -0.00588   -0.00566    0.02164   -0.00083   -0.03832
最终取值= 0.09395    0.54580   87.76637   1290.95699    0.79993   291.57895    0.97857
残差= 0.00072    0.01980   -0.00571   -0.00674    0.01898   -0.00060   -0.03780
最终取值= 0.09367    0.54656   87.76631   1290.95688    0.79969   291.57896    0.97895
残差= 0.00067    0.02098   -0.00556   -0.00775    0.01652   -0.00039   -0.03728
最终取值= 0.09342    0.54721   87.76624   1290.95676    0.79945   291.57898    0.97932
残差= 0.00058    0.02212   -0.00544   -0.00867    0.01425   -0.00020   -0.03678
最终取值= 0.09319    0.54777   87.76618   1290.95665    0.79922   291.57899    0.97969
残差= 0.00046    0.02322   -0.00535   -0.00954    0.01216   -0.00003   -0.03628
最终取值= 0.09299    0.54824   87.76612   1290.95654    0.79899   291.57900    0.98005
残差= 0.00033    0.02428   -0.00527   -0.01034    0.01023    0.00013   -0.03580
最终取值= 0.09280    0.54863   87.76606   1290.95643    0.79877   291.57901    0.98040
残差= 0.00018    0.02529   -0.00522   -0.01108    0.00844    0.00028   -0.03532
最终取值= 0.09262    0.54895   87.76600   1290.95633    0.79856   291.57902    0.98075
残差= 0.00002    0.02623   -0.00518   -0.01178    0.00677    0.00042   -0.03485
最终取值= 0.09247    0.54920   87.76594   1290.95623    0.79836   291.57902    0.98109
残差=-0.00016    0.02712   -0.00516   -0.01243    0.00523    0.00054   -0.03438
最终取值= 0.09232    0.54940   87.76587   1290.95614    0.79817   291.57903    0.98142
残差=-0.00033    0.02794   -0.00515   -0.01303    0.00381    0.00066   -0.03392
最终取值= 0.09219    0.54954   87.76581   1290.95605    0.79800   291.57904    0.98175
残差=-0.00052    0.02869   -0.00515   -0.01360    0.00248    0.00076   -0.03347
最终取值= 0.09207    0.54963   87.76575   1290.95597    0.79784   291.57904    0.98208
残差=-0.00070    0.02939   -0.00517   -0.01412    0.00125    0.00086   -0.03302
最终取值= 0.09196    0.54968   87.76569   1290.95589    0.79769   291.57904    0.98240
残差=-0.00073    0.02949   -0.00518   -0.01418    0.00107    0.00087   -0.03295
最终取值= 0.09194    0.54968   87.76568   1290.95588    0.79766   291.57801    0.98245
残差=-0.00091    0.03010   -0.00520   -0.01467   -0.00006    0.00096   -0.03251
最终取值= 0.09185    0.54967   87.76562   1290.95581    0.79753   291.57801    0.98276
残差=-0.00109    0.03065   -0.00524   -0.01512   -0.00111    0.00104   -0.03208
最终取值= 0.09176    0.54963   87.76556   1290.95575    0.79741   291.57801    0.98307
残差=-0.00127    0.03113   -0.00528   -0.01555   -0.00208    0.00112   -0.03165
最终取值= 0.09168    0.54955   87.76550   1290.95569    0.79730   291.57801    0.98337
steps=31.000000  time=12.000000
残差= 0.00075    0.01420   -0.00553   -0.00863    0.01273   -0.00093   -0.01170
最终取值= 0.09473    0.54374   87.76659   1290.95732    0.80056   291.57892    0.99967
